894214
2359
2150
1098
22
493
238
988
499
688
1034
1023
1934
1144
1917
1844
1260
1247
1152
1558
1455
1263
1752
1708
1929
1964
2010
1971
2018
397525
396675
87993
4548
3421
3187
2678
2460
2488
3036
2972
2756
2732
2926
2773
3019
3106
3093
3169
3131
3145
3394
4343
3560
3873
3711
4050
4384
4513
83126
62258
57542
40307
24430
15003
7522
6753
5417
4831
5003
4963
5305
5322
5413
6515
6248
5957
5787
6161
6692
6639
7191
6772
7016
7080
7311
10076
8574
7938
7749
7814
8254
8247
8667
8630
8644
9129
9116
8853
8916
8900
9473
9398
9238
9820
9927
14979
14836
12497
12415
11175
10460
10088
10305
10692
10663
11160
11727
11448
11294
11193
11518
12077
12063
12183
12120
12109
12139
12141
12234
12239
13657
13285
12963
12819
12568
12690
12866
12835
12889
12975
13556
13405
14197
13690
14111
13703
13873
14778
14769
14529
14528
14643
14921
14883
14861
19097
16459
15518
15345
15339
15217
16077
15909
15945
15979
16246
16285
16271
17678
17633
17626
17407
16977
16548
16539
17018
17224
17267
17676
17670
18325
18280
18140
18043
17691
17978
17781
17878
17845
18012
18323
18568
18448
18458
18789
18781
24075
20917
20439
19644
19588
19479
19152
19451
19260
19420
19518
19594
19817
19752
19680
19792
19965
19880
20320
20075
20023
20054
20359
23687
21101
20935
23283
22743
21435
21184
21747
21520
21618
21590
21772
22022
22612
23269
22820
22744
23230
23419
23363
23302
23568
23645
23860
24281
24119
24133
24312
24317
37179
35688
30116
26805
25108
24464
25056
24879
24495
24735
24808
24946
25030
25069
25065
26549
25258
25439
25303
25271
25360
25367
26037
25575
26759
28619
28252
27485
27289
27267
27207
27108
26828
27416
27333
27601
27839
27986
28217
28008
28318
28436
28773
28632
28977
29696
29253
29018
29166
29063
29220
29395
29393
29266
29879
29883
32160
30990
30956
30458
30208
30138
30366
30759
30508
30736
30902
30960
31976
31659
31220
31198
31509
31359
31855
32088
32184
32178
33501
32226
32823
32279
32603
32386
32396
32490
33300
33067
33053
32837
32879
33393
33382
35160
34520
33674
33587
34334
33822
33677
33850
33923
33879
34502
34412
35079
34845
35077
35041
35504
35457
35525
35619
35586
36798
35803
36320
36173
36168
36175
36306
36675
36645
37055
37108
37138
37502
37340
39632
38125
38121
38024
37508
37658
37596
37601
37666
37665
37748
39046
38792
38153
38149
38382
38183
38627
38446
38566
38665
39042
38902
38869
39597
39250
39070
39593
39466
39928
40021
39968
41593
41061
40940
40842
40429
40761
40901
41045
41000
41586
41432
41062
41248
41191
41307
41477
42338
41883
41759
41727
41710
41753
42188
44975
43804
43320
43187
42596
42414
42697
42624
43267
43547
43498
43395
43602
44377
43935
44018
44142
44431
44427
44863
44599
44951
44896
44958
49185
46402
46102
45607
45052
45038
45514
45487
45274
46026
45729
46178
46164
46120
46367
48533
47825
47665
46583
46993
46849
46923
47130
48382
48187
47967
47922
48217
48196
48390
49009
48884
49029
49115
54109
53050
49690
49503
49265
49402
49313
50638
50520
49914
49715
49888
49803
50534
52593
51876
51822
51411
51403
50661
51191
51137
51162
51223
51553
51820
51863
52439
52334
52311
52591
52684
53003
52724
52953
52797
53921
53575
53161
53385
53324
53171
53491
53695
53664
53648
53804
53697
54082
55751
55023
54845
54287
54246
54790
54546
54322
54290
54349
54539
54495
54633
54654
54797
55006
55537
55178
55157
55088
55190
55501
55749
56109
56096
56012
57231
56121
56578
56344
56294
56269
56323
56496
56975
56974
56630
57214
57107
57225
57440
57429
57516
59610
58955
58613
58034
57560
58015
58066
58182
58069
58703
58647
58857
59512
59058
59026
59426
59115
59068
59420
59591
59996
59757
59752
59668
59652
59735
59902
59873
59917
59944
59953
61175
60674
60212
60420
60664
60553
60961
60947
60996
61791
61274
61176
61286
61281
61554
62255
61876
71028
62687
62514
62486
62497
67145
66507
63225
63087
62971
62821
63092
63861
63542
63356
63254
63525
63446
63396
63482
63572
64034
63889
64253
66001
64925
64815
64503
64602
64940
65697
65030
65344
66006
67057
66992
66660
66685
71006
70366
69983
69208
68874
68787
67328
67187
67875
67630
67389
67752
68456
68055
68584
68955
69163
69901
69267
69816
69349
69343
69367
69555
69432
69747
69913
69957
70020
70176
70124
70236
70987
70425
70978
70462
71020
74432
72070
71935
71848
71138
71125
71639
71409
71298
71517
71645
71726
74207
73016
72877
72177
72515
72462
72187
72466
72523
72818
72934
73996
73197
73028
73034
73207
73596
74094
74015
74055
74038
74061
74280
74413
78081
77547
75349
74549
74502
74519
74568
74981
74696
74821
75213
75035
75169
76615
75415
75361
75705
75424
75680
75662
75988
75817
76569
76443
76052
76338
76462
77526
76645
76633
76626
77015
76858
76652
76674
77183
77052
77116
77501
77896
77650
77663
77653
77859
78017
78009
78055
81603
78774
78240
78143
78252
78368
78812
78809
78925
80315
79752
78971
79060
79006
79644
79421
79240
79537
79761
80072
79777
80095
80846
80833
80392
80527
80481
80592
80936
80857
81305
81215
81237
82026
81895
81643
81837
81953
81933
82979
82442
82241
82165
82163
82269
82640
82898
83050
83907
83609
83570
83153
83514
83498
83172
83280
83538
83576
83588
83733
83644
83756
83780
83888
86354
84903
84875
84341
84287
84223
84013
84299
84727
84432
84355
84369
84600
84668
84700
85116
84909
84928
85410
85349
85325
85955
85501
85862
86174
86554
86420
86467
87885
87258
86834
86624
86557
86967
87378
87363
87306
87376
87795
87458
87586
87576
87619
386139
245101
213365
196914
155999
127664
105774
94626
92958
89235
88727
87999
88125
88033
88138
88578
88434
89169
88803
89421
92788
90686
90346
89815
89432
89666
89533
89738
89943
89903
90249
90634
90628
90406
91274
91214
90708
90706
90719
91197
92543
92005
91316
91548
91508
91802
91698
91553
91570
91560
91620
91657
92030
92015
92350
92637
92863
92791
92827
93997
93157
93154
93114
93013
93314
93553
93406
93408
93429
93567
93962
93586
94295
94276
94527
94431
94621
97600
97081
95208
94778
94674
95202
95143
94828
95708
95287
95272
95459
95442
95365
95693
95515
95506
97068
95732
96490
96330
96399
97023
96944
96627
96512
96682
97204
97130
97198
97470
97494
98803
97957
97649
97849
97739
97711
97857
97927
98236
98221
98088
97980
98581
98714
100147
99862
99815
98927
98833
99542
99053
99372
99057
99201
99717
99741
99753
99755
99824
99823
100127
100074
99941
99904
100115
100140
104984
104604
103802
102241
101141
100799
100677
100154
100566
100789
101263
102226
102034
101281
101554
101774
101994
101983
102205
102057
102699
102320
102680
102626
103142
102912
103109
103497
103476
103190
103211
103613
103765
104553
104549
104241
104052
104440
104249
104534
104528
104584
104566
104835
104716
104673
104766
105640
105403
105341
105556
105430
105645
125848
115616
113205
106751
106686
106616
106518
106515
106064
105790
105859
106046
106087
106437
106285
106269
106276
106578
106668
106706
109776
107147
106933
107042
109506
109186
107987
107513
107324
107215
107597
107610
107722
109132
108643
108136
108059
108434
108330
108544
108857
108772
109010
109116
109315
109253
109374
109565
109643
109589
109687
109661
111140
110856
109884
109795
110660
110480
110383
110439
110509
110830
110810
110968
110910
110895
110912
111030
111561
111404
111181
111403
111367
112924
112709
112201
111783
111685
111806
112021
112088
112135
112455
112376
113079
115418
115189
113649
113453
113637
113761
113918
113884
114095
114012
114070
114707
114557
114122
114546
114564
114959
115294
115460
115487
125177
125165
116252
115828
115723
116242
116221
116102
116134
122141
117373
117359
116960
116728
116793
116764
116846
117105
117053
117216
117120
121399
119605
118985
118707
117885
117437
117727
117826
118056
118941
118777
118852
119021
119347
119320
119799
119725
119791
120554
120296
119852
121377
120650
120556
121244
121034
121054
121514
121811
121712
121551
121658
121620
121820
121927
122888
122394
122266
122322
122313
122284
122692
122450
122868
124610
123026
124142
123788
123477
123050
123322
123152
123324
123410
123613
123701
123629
124062
124602
124170
124164
124435
125118
124740
124914
124931
125157
125668
125406
125253
125215
125399
125291
125719
125701
125833
126131
126056
125862
126018
126705
126162
126254
127494
126747
126729
126967
126770
126785
127427
127114
144263
138198
129321
128680
127800
127675
127682
128153
127992
127848
127926
128250
128419
128417
128424
128666
128778
128737
128907
128942
129152
130207
129473
129405
129328
129397
129491
129555
130023
129840
130013
130189
130138
136651
136562
130474
130467
130334
130497
130494
132072
130942
130588
130521
130589
130837
131449
131263
131208
131272
131397
131516
131616
131854
131654
131628
134742
132293
132142
133984
133324
133102
132755
132609
132482
133030
133082
133909
133642
133542
133408
133644
134311
134321
134587
134363
134648
135776
135253
135023
135005
134865
134968
135196
135175
135427
135320
135350
135747
135633
135772
136188
135938
136245
136601
137924
137109
137726
137319
137591
137465
137339
137805
137735
138101
137997
138114
138183
138642
138540
138321
138306
138420
144246
143556
142679
138712
140613
139791
138910
139420
139128
139073
139255
139386
139531
139761
140431
140271
139974
140487
140679
140638
141563
140797
140752
141427
141374
141147
140985
140821
142005
141965
141870
142566
142234
142016
142490
143261
142717
143051
142987
143224
143416
143342
143813
143779
143686
143647
144073
143919
143842
144021
143922
152133
150913
146630
144885
144590
144406
144362
144298
144340
144446
144555
144595
144726
144633
144871
144736
146367
145691
145250
145245
144912
144888
145055
145189
145307
145280
145452
145424
145904
145845
146303
146032
146397
146493
146415
147990
147546
147443
146858
146825
146772
147248
147125
147268
147459
147607
147848
147832
147678
147816
148258
148268
150261
149537
148548
148310
148404
149434
148679
148671
149429
148833
149811
149706
149854
150075
150198
150361
150710
150604
150603
152092
151090
151009
151032
151892
151338
151634
151510
152047
152129
152113
155833
153482
153392
153176
153013
152207
152661
152345
152246
152418
152646
152968
153003
153061
153146
153277
153304
153402
155816
154782
154644
153678
153627
153889
154546
154462
154233
153981
154114
154463
155022
154827
154841
154904
155490
155383
155480
155551
155937
163651
156877
156653
156241
156113
156010
156589
156513
156805
156705
160831
157763
157551
157027
157070
157085
157572
160123
159791
158617
158383
158369
158172
157902
157834
157818
158033
158194
158173
158347
158547
159270
158629
159216
159123
159058
159104
159341
159288
159579
159906
159817
159863
159959
160094
160396
160252
160290
160499
160571
161690
161332
161314
160915
161280
161657
161380
161365
161556
161564
162305
161877
162210
163053
162890
162456
163642
163530
163353
163216
163135
163061
163350
163532
163599
185352
179445
178466
175676
166949
166310
165018
164891
164532
164085
163866
163855
163898
164398
164324
164097
164764
164816
165490
165474
165132
165300
165173
165838
165768
166688
166468
166574
166506
166586
166822
166698
168409
167310
167242
167027
166972
167047
167196
167161
168191
167726
167510
167962
168111
168374
168302
168348
171306
168539
168437
170838
168901
168541
168659
168871
168800
169637
169170
168983
169013
169445
169329
169313
169257
169388
169334
169442
169480
170375
169644
170040
169948
169703
169727
170083
170819
170473
170622
170603
171162
171107
170942
170866
171182
175029
171817
171494
171464
171322
171447
171602
171538
171608
174737
173412
172390
171908
172102
171916
172070
173381
172923
172910
172722
172966
173265
173394
174028
173597
173973
173928
173837
173686
173876
174352
174643
174852
174840
175005
174965
174942
175147
175321
175271
175175
175239
176687
176491
176069
176362
176174
176513
176575
178103
176718
177347
176871
176746
177177
177004
177279
177643
177525
177447
177398
177573
177935
177789
177690
177924
178321
178141
178132
178273
178372
178721
178702
178487
178478
179317
178783
178789
182002
180977
180606
180137
179520
180136
179919
179811
179576
179614
180486
180195
180141
180485
180580
180785
180758
180715
180814
181613
181265
181119
181305
181290
181999
181888
181911
185063
182757
182749
182232
182564
182639
182638
184810
184112
183138
182883
182917
182900
182887
182907
182989
184074
183213
183687
183302
183278
183600
183533
183402
183373
183523
183866
184004
184263
184197
184481
184547
184912
184862
184822
185005
184968
185331
185777
185509
185362
185613
185702
185655
185998
185887
192503
189215
187601
187156
186205
186124
186059
186998
186869
186522
186599
187116
187344
187309
187436
187407
187369
187997
187668
187929
187879
187715
187852
187774
187886
187915
189075
188224
188082
189026
188850
188496
188399
188626
188594
188847
189160
189190
192463
190283
189412
189252
189225
190248
189957
189535
189879
189845
189943
190134
191662
190850
190525
190318
190507
190505
191462
191228
191147
191025
190981
191155
191655
192426
192299
192111
191967
192267
192154
192311
192468
192473
193993
193606
192537
192777
192656
193065
192857
192803
192951
193064
193896
193618
193945
194869
194385
194091
194772
194713
194459
194667
194599
194464
194673
194833
196658
195952
195574
195204
194958
195111
195070
195151
195364
195717
195909
196059
195980
196432
196529
196692
196913
196703
196789
206003
204835
199508
199245
198209
197347
197340
196960
197284
197031
197029
197058
197158
197320
197896
198029
197933
199220
198836
198220
198358
198767
199140
199257
199328
201854
201679
200221
200096
199569
199987
199653
199875
199849
199679
199781
199942
199883
200077
200187
200104
201017
200788
200601
200385
200638
200625
201508
201379
201245
201375
201497
201620
201554
201732
201964
201955
202661
202555
202276
202020
202451
202530
202501
202627
203677
203559
203490
203341
202731
202720
203990
203939
204121
204618
204569
204279
204128
204650
204754
205125
204914
205115
205682
205457
205306
205207
205664
205776
208668
208197
207501
207255
206798
206307
206232
206204
206290
206681
206551
206383
206687
207148
207022
206916
207112
207200
207263
207384
207855
207770
207532
207968
208219
208199
208540
208286
208484
210702
209084
209061
208931
208877
208698
208959
208990
210270
209883
209402
209340
209094
209599
209470
209413
209805
209610
210142
209906
210501
210359
210491
210505
210530
210570
211795
211017
210795
210730
211414
211311
211129
211784
211578
213296
211848
211821
212532
212445
212087
212205
212216
212820
212632
212686
213267
213031
212976
221285
219931
217241
216007
214814
214621
213776
213762
213585
214322
213915
213818
213962
214357
214346
214362
214704
214676
214705
215157
214951
214965
215099
215910
215872
215426
215879
217132
216216
216068
216099
216751
216610
216418
217177
219452
219342
218896
217617
218598
218294
218047
217955
217794
218058
218524
218521
218862
218748
218698
218883
219281
218922
218975
219065
219289
219446
219416
219565
219725
219586
219796
219798
220498
220155
220143
220379
220444
220481
220824
220558
220548
220755
220677
221108
220849
236368
229649
222429
221985
221948
221820
221425
221301
221309
221351
221980
222403
222188
222184
222217
222299
222329
223432
222671
222663
222479
222551
222573
222898
222719
222759
222748
223411
223387
224619
223741
223453
223512
223917
223860
223807
224481
223957
224292
224078
224001
224248
224324
224572
225145
225074
225047
224862
226972
225830
225493
225461
225230
225336
225277
225469
225499
225660
226925
226363
225884
225840
225877
226194
225926
226267
226433
226757
226584
226721
227778
227551
227000
227431
227321
228341
227787
228104
227958
227841
227873
228174
228551
228395
228350
229203
229048
229643
229628
233575
231478
230833
229778
229774
229723
229705
230761
230385
230215
230110
229793
230473
230445
230685
230817
231229
231209
231017
232691
231796
231996
231985
231853
231910
232108
232099
232214
232222
232919
232758
233069
233264
233411
233371
233520
235292
234308
233910
233909
233765
234212
234099
234098
233931
234240
234248
234741
234616
234406
235049
236163
235984
235560
235468
235614
235656
236120
236367
236318
236225
240520
238636
236957
236640
236457
236499
236734
236829
236924
237312
237242
238061
237413
237963
237877
237430
238047
238397
238136
238189
240462
240004
239949
239706
238690
238663
238996
239532
239010
239407
239888
240279
240169
240122
240049
240054
240272
240205
240406
240294
244295
241602
241262
240768
240720
241238
241045
240971
241380
241269
241463
241383
241697
242340
241750
241710
241735
242140
242059
242025
242319
243733
243078
242655
242516
242562
242881
242870
242721
242674
242730
242906
243064
243657
243239
243412
243522
243863
243775
243997
243891
244132
244400
244339
244310
244297
244307
245033
244406
244638
244433
245016
244999
244998
288797
249805
246893
246784
245435
245347
245251
245179
245407
245958
245461
245918
245515
245811
246498
246238
246488
246819
246932
248394
248153
247736
246958
247156
247154
247006
247379
247605
247546
247511
247722
248084
247910
248970
248521
248570
248662
249687
249308
249100
249098
249128
249127
279589
271391
254197
250319
249883
251685
251673
250425
250399
250642
250571
250923
250676
251546
251411
252655
251800
252061
251818
251809
251916
251961
252499
252329
252739
253675
253253
252817
253238
252939
253016
253400
253288
253959
254035
254182
254230
254201
269101
261218
254784
254317
254315
254241
254403
254394
254325
254326
260221
259551
256956
254903
255350
255315
255011
255752
255559
255710
256469
255984
255941
255754
256338
256219
256403
256351
256529
256478
256634
258445
258331
257455
257409
257089
257076
257025
257128
257205
258108
257565
257945
257567
257859
257673
258274
258322
258686
258510
258609
258637
258736
259542
259243
258760
258757
258885
258860
259227
258897
259267
259338
259316
259283
259897
259864
259640
259735
259862
259757
259745
259936
260116
260704
260797
260740
261161
260801
261003
260848
260962
263317
261286
261935
261320
261635
261572
261343
261453
261620
261643
261799
261837
261871
262367
262317
261988
262019
262012
262310
262750
262487
262715
262609
262680
263020
262892
262778
262759
263165
263443
263342
265873
263801
263483
265209
264997
264458
263986
264804
264853
265547
265458
265400
265324
265481
265711
265581
265652
266293
266150
266039
266020
266053
266110
266102
266248
266936
266456
268302
267983
267655
266995
267112
267067
267460
267427
267818
267674
267709
267725
267874
268258
268016
268235
268043
268668
268622
269000
271055
269512
269123
269304
269453
270353
269702
269625
270053
270092
270312
270535
270656
270707
271229
271078
271353
272430
272186
271903
272234
273107
272471
272513
272984
272599
273102
278207
273504
273143
273342
273271
273456
273838
273698
276212
275825
274422
274212
274064
274348
275182
274772
274590
274569
274671
274810
274862
275228
275737
275577
275903
275828
277754
276880
276786
276323
276774
276731
276577
277042
276886
277535
277092
277203
277706
278162
278113
277916
277979
278120
279033
278915
278526
278471
278501
279330
279078
279353
279406
279393
287220
285843
282305
281027
280131
279793
279702
279846
279807
279910
280004
279923
280267
280236
280141
280805
280417
280275
280340
280522
280643
280628
280859
281993
281185
281940
281653
281594
281534
281203
281202
281976
282021
282145
282080
282296
282288
282817
282493
285119
283310
283236
282927
282904
283092
283255
284573
284249
283730
283320
283400
283711
284181
283837
284490
284495
284665
284633
284992
284676
284782
284988
285115
285057
285531
285121
285554
285684
285573
286552
286496
286351
286097
286346
286307
286774
286565
286950
286824
286811
286952
287170
288497
288091
287470
287334
287593
287702
288244
288185
288194
288333
288480
288562
288700
291544
289542
288895
288859
288820
289384
290916
289576
289859
289736
289625
289837
289818
289745
289844
290682
289954
290295
290224
290425
290298
290810
290781
290914
291194
291048
290960
290932
291013
291155
291127
291241
291286
313581
309871
307819
299034
294561
291560
293728
293003
292098
291581
291606
291755
292849
292370
292278
292482
292468
292812
292749
292833
292984
293408
293175
293489
293425
293721
293989
294099
294012
294052
294317
294510
294529
297781
296707
296496
294798
296464
296339
295643
295595
294810
295262
296239
296047
295943
295802
295652
296146
296264
296437
296600
297394
296731
296720
296833
296814
297077
297046
297008
297586
297712
298849
298313
297841
298703
298364
298463
298401
298572
298841
298947
300908
299232
299147
300469
299417
299371
299267
299740
299609
299499
299638
299864
299844
299829
300211
299958
299940
300239
300367
300373
300756
300669
300852
300778
300865
300891
301356
300945
301258
301147
301060
301316
303460
301657
301485
301423
302335
302277
301797
302169
303238
303029
302738
302648
302739
303128
303433
307272
305866
305636
304456
303580
303519
303500
303742
303654
304362
304223
303851
304026
304300
304441
305197
304604
304919
305183
305416
305393
305723
305693
305783
306944
306500
305960
305944
306187
306162
306565
306762
307266
307709
307295
307316
307694
307390
307504
307800
307717
307879
309099
309072
308463
308040
307976
307938
308462
308151
308146
308673
308655
308550
308684
308794
308975
309123
309109
309596
309270
309387
309549
309654
313042
311893
311305
310609
310146
310030
309930
310412
310284
310194
310532
311041
310952
310665
310803
311128
311651
311328
311652
311924
311948
311928
312816
312255
312247
311962
312165
312558
312364
312495
313057
313461
313428
313522
313535
313557
376573
332506
324337
313739
313651
313643
313668
313653
319833
314456
314201
314127
313904
313756
314122
314382
318619
318294
315021
314740
314590
314595
314973
314935
314774
314781
318212
317385
315093
315585
315268
315203
315212
316270
315942
315592
315718
315631
316112
315968
315950
317350
316880
316527
316373
316424
316431
316553
317133
316997
317373
317722
317478
317548
317896
317890
317740
317930
318085
318236
318545
318365
318668
318746
318739
319732
319260
319221
319659
319273
319684
319679
319773
322580
322408
322196
321055
320151
320109
320005
319907
320952
320717
320738
320962
321227
321207
321547
321425
321415
321698
321605
322177
321738
321843
322363
322538
323675
323297
322617
323005
322931
323597
323427
323323
324177
323956
323914
323753
324131
324286
324322
328521
324797
324501
324494
324677
324640
324651
327877
327692
326188
325220
324983
324827
324940
324869
325165
325306
325289
325247
325819
325600
325404
325416
325687
325727
326008
325923
326139
326033
326038
326145
326710
326397
326502
326453
326494
327514
326950
327304
327846
328118
327991
327980
328045
328132
328478
328466
331453
328578
328561
328703
328595
328700
329834
329693
329636
329596
329358
329027
328784
329684
329679
329663
329763
330237
330223
330086
330913
330485
330369
330536
331066
330968
331337
331244
331070
331931
331610
331597
331834
331821
331689
331658
332136
332055
331943
332080
332122
332309
332176
332249
332442
371586
344953
338998
337241
334270
333483
333333
332687
332547
332540
332549
332665
333294
332794
333131
332818
333104
333250
333216
333191
334223
333782
333714
333560
333732
333735
334037
333988
334185
334059
334261
335921
334394
334585
335247
335024
334824
334749
334872
334846
335202
335112
335736
335510
335310
335264
335358
335534
335838
335791
335750
336526
336505
335952
336320
335973
336211
336094
336461
336451
336503
336941
336764
337044
337010
337014
337214
337228
338803
338310
337541
337328
337527
337966
337954
338131
338125
338316
338669
338616
338686
338987
338856
338838
338978
338874
338895
343672
342325
342304
341189
339454
339422
339399
339143
339062
339208
339362
339323
339417
339423
340660
339604
340178
339728
339655
339756
339815
340437
340288
340480
341046
340765
340740
340840
341141
341348
341218
342274
341968
341552
341565
341884
341936
342029
342841
342615
342563
342666
342647
343124
343662
343493
344053
344046
344014
343717
344308
344071
344322
344392
344369
344576
344528
344694
344827
354833
354032
346091
345973
345113
345105
344961
345727
345715
346013
346035
353379
348267
347547
346989
346136
346314
346149
346225
346364
346342
347320
347002
347084
347153
347234
347594
348194
347710
347655
347674
347715
348141
353166
350916
350668
349767
348388
348339
348285
349226
348787
348432
348401
348409
348519
348543
348699
348792
348836
348854
349220
349736
349242
349364
349249
349365
349625
350418
350167
350001
350058
350289
350582
350493
350548
350560
350634
350718
350697
350688
350872
350855
352955
352320
351374
350945
351759
351409
351590
351501
351593
351767
351928
351769
352147
351990
352618
352616
352538
352359
352766
352844
352901
353159
353107
352970
353274
353189
353831
353384
353680
353458
353562
353659
353727
353957
354547
354400
354360
354391
354394
354493
354476
354745
354733
362801
357484
356918
355235
355151
354926
356653
355286
355285
355551
355472
355308
355444
356377
355926
355658
355654
356116
356110
356299
356636
356837
356780
356695
357420
357187
356970
356984
357216
357450
361924
361619
359308
358104
357784
358964
358874
358331
358273
358445
358580
358687
358661
358892
359173
359047
361415
361363
359990
359692
359410
359379
359936
359827
359702
359908
361109
360343
360101
361292
361237
361368
361364
361381
361515
361518
361812
361637
361703
362013
362020
362515
362428
362291
362508
362528
364269
363162
363046
363015
362919
363091
363467
363173
363424
363313
363296
363276
363401
363849
363787
363620
363678
364062
368057
365604
365004
364652
364590
364395
364563
364653
364943
364887
364683
364800
365122
366793
366691
366264
365697
365867
365958
366727
366900
366895
366834
367471
367279
367198
367097
366993
367223
367392
367446
367866
367753
367704
367680
367554
367865
367765
369487
368367
368280
369163
369030
368390
368826
368530
368627
369068
369262
369227
369361
369678
369587
369533
371067
370932
370641
369755
369690
369923
370077
370075
370252
370619
371232
371089
371168
371240
371385
374304
373252
373069
372814
372734
371980
371751
371653
372744
372958
372955
372959
373477
373286
373282
373799
373759
373838
374010
374006
374113
375315
374840
374710
374585
374340
374653
374678
374915
375102
374975
375137
376288
375786
375689
375377
375323
375473
375920
375928
376140
376369
379449
377278
376649
376993
376878
376656
377271
378895
378127
377584
377484
377310
377279
377475
377368
378106
377644
377647
377970
377680
378162
378672
378457
378366
378322
378555
378820
379139
378899
378951
379035
379293
379572
379458
379488
379601
384728
381923
379738
379651
379686
379657
379700
381320
380997
380441
380084
379966
380255
380252
380332
380269
380636
381262
381205
381037
381526
381359
381412
381771
381750
381667
384562
382885
382359
382120
382114
382204
382159
382222
382763
382639
382623
382630
382696
382979
383795
383637
383471
383193
383566
384509
384117
383809
383813
384382
384257
384700
385673
385584
385327
385045
385533
385349
385663
386077
385879
385946
388444
386735
386645
386354
386191
386563
386520
386456
386706
386665
387204
386806
386938
388290
387757
387594
387511
387455
387328
387485
387568
388217
388086
388310
388443
388341
391358
390204
388962
388628
388539
388902
388668
388719
388853
389471
389331
389415
389989
389710
389637
389767
390881
390395
390251
390239
390574
391148
391146
390912
391176
391305
395244
394855
394281
392592
391852
391894
392071
393570
392866
392682
392717
392724
393405
393103
392944
392912
393197
393216
393419
394251
393848
393830
393783
393663
394032
394114
394275
394533
394492
394353
394824
394561
394977
394968
394862
394919
395208
395052
395717
395454
395398
395332
395291
395411
395629
395535
396473
396048
395988
396610
397203
397062
397049
397438
686265
434082
409080
401023
399388
398560
398079
397558
398034
398063
398192
398530
398456
398705
398601
398605
398629
398940
398877
398850
399347
398994
400364
399955
399694
399477
399393
399697
400358
400178
400094
400330
400414
400365
400907
400791
400682
400940
403945
403177
401387
401288
401070
401688
401414
401469
401627
401548
402688
402341
402081
402020
401777
401730
401934
401907
402635
402796
403040
403302
403570
403563
403885
403855
403868
406587
404744
404305
404270
404231
404184
404090
404488
404369
404520
404905
404774
404778
405438
405189
404973
405009
405305
405415
406512
405499
405946
405692
406430
406229
406136
406245
408903
406778
406737
407555
407414
406951
406869
406991
407402
407443
408724
407763
408582
408029
408640
408841
408813
408968
411696
409372
409216
409163
409184
409253
410009
409404
409987
409760
410395
410149
410138
410235
410261
410251
411561
411157
410704
410820
411449
411461
411539
411556
412370
411862
411779
411912
412209
412077
411960
411930
412096
412252
416682
416309
414260
413968
412856
412725
412586
412385
412605
412749
412744
413835
413034
412859
413574
413546
413540
413754
413691
414179
413983
414182
416277
414533
416075
415513
415347
415233
414801
414684
415065
414997
415170
415482
415900
415626
415604
416101
416553
416483
416481
416605
416571
416640
420659
419331
417420
417177
416888
416769
416766
417082
417315
417946
417900
417512
417574
417696
417823
419300
419263
418141
418140
418927
418754
419045
419209
419269
420114
419483
419379
419480
419722
419534
419489
419964
420002
420070
420347
420245
420218
420271
420310
420362
420423
422780
422743
422301
421532
421063
420900
420674
420702
420852
420826
420916
421119
421292
421524
421353
422106
421871
421821
422133
422659
422466
422636
422651
425492
425490
424744
424058
423133
422846
422982
423001
423661
423737
423912
424636
424117
424074
424455
424413
424742
425255
425230
425332
425720
429021
428040
426900
426212
426085
426207
426795
426563
426375
426732
426658
427377
427539
427415
427802
427692
428155
428461
428444
428223
428192
428997
428518
433769
432048
429511
429475
429385
429361
429328
429110
429419
430564
429662
429670
429896
430189
430066
430304
431013
430848
431335
431130
431485
431337
431747
431727
431892
432943
432455
432265
432072
432633
432459
432564
432651
432648
432883
432758
433377
433130
432953
433258
433197
433156
433237
433306
433498
433468
433889
433872
665061
647288
544799
463495
450279
437169
434134
436657
434940
434375
434268
434157
434485
434828
434566
434658
434785
434662
435565
435462
435433
435006
435157
435472
436469
436075
435972
435807
435782
436062
436409
436400
436302
436110
436219
436487
436528
436562
436950
436884
436859
436927
437153
448948
448409
445750
443308
442269
441527
439424
437730
437659
437201
437204
437647
437505
437630
439206
437955
437736
437781
437861
438646
438342
438285
438104
438071
438006
438700
438749
438905
439337
441427
441281
440773
440579
439958
439439
439877
439538
439521
439757
439927
440524
440198
440120
440110
440367
440627
440687
440992
440838
440793
440920
441149
441148
441227
441440
441461
441997
441807
441709
441791
442232
442429
442276
442379
442475
443144
443005
443126
443167
443173
444859
444145
443419
443337
443571
443892
443885
443991
444215
444203
444657
444289
444591
444306
444866
444864
445386
445347
445234
445222
445696
445577
445430
445631
445646
448116
447366
446489
446433
445970
446276
447075
446777
446646
446770
447152
447914
447762
447592
447471
447964
448041
448254
448906
448574
448565
448448
448552
448770
448643
448623
448731
448945
449648
449425
449110
449100
449032
449456
450129
450032
449933
449922
449845
449868
449944
450030
450233
461298
453011
450614
450521
450492
451869
450785
450739
450703
450775
451132
451089
450825
451149
451171
451352
451272
451432
451372
451815
451655
452815
452408
452374
452068
451912
452236
452237
452400
452508
452484
452614
452580
452876
452852
452927
455208
453604
453461
453576
453506
455142
454531
454154
454136
454103
454084
454626
454598
454899
454765
454872
454843
455112
455134
458614
458545
456026
455718
455521
455639
456021
455967
455747
458192
457694
457226
456961
456219
456358
456293
457336
457239
457759
457718
457701
458073
457988
457948
457991
458175
458166
458146
458314
458383
458523
458570
459443
459254
458623
458619
459252
458652
459208
458735
459161
458877
458736
459091
458968
459373
459316
459387
460343
459799
459510
459468
459602
459584
459512
459625
459643
459726
460120
460099
460069
460068
459906
460321
460323
460739
460434
460596
460627
461253
460923
461164
461702
461595
461308
461599
461670
461606
462051
461832
461763
461770
461805
462248
462232
462188
462240
463063
462295
462964
462466
462695
462649
463270
463450
463416
463389
537626
516054
471369
468176
465237
464264
463543
464158
463642
463544
464109
464261
464503
464469
464458
464396
465030
464764
464696
465009
464791
465122
465089
465092
466066
465309
465402
465709
465946
466681
466187
466098
466574
466589
466594
466848
466834
466711
466751
467550
467131
467128
467153
467379
467321
467549
467380
467596
467571
468013
467784
467786
468119
468323
468316
468252
470901
468867
468649
468645
468558
468557
468380
468607
469238
469028
469005
468868
468939
469089
469159
470637
469842
469583
469297
469458
469417
469380
469609
469950
469963
470525
470176
470313
470600
470723
470654
471247
470913
471115
472408
472241
471420
471382
471738
471706
471526
471551
472122
472307
491800
482256
478735
478094
476815
475480
475315
473982
473763
472574
472601
473375
473218
472777
472894
473057
473547
473727
473815
473868
473977
474983
474717
474455
474051
474004
474226
474102
474846
474928
475049
474993
475297
475239
475159
475114
475195
475351
475983
475865
475657
475826
476404
476099
476174
476203
476772
476613
476433
476425
476565
476835
477019
476858
476949
476961
477407
477146
477272
477812
478059
478455
478395
478220
478268
478678
478461
478612
478573
478718
481329
479235
478943
478800
478883
478994
479022
481198
481047
480929
479320
479272
480700
480124
479609
479467
480063
480205
480833
481085
481112
481142
481145
481254
481471
481348
481435
481542
482188
481753
481820
481779
486949
483277
482926
482881
482597
482513
482984
482954
486476
484554
483391
483514
483438
484176
484041
483938
484552
486092
486055
484779
484726
486012
485831
485465
485177
485252
485306
485688
485826
485843
485923
486060
486332
486180
486340
486864
486911
486923
487913
487564
486981
487335
487233
487121
487073
487130
487198
487271
487909
487636
489668
488036
488027
488705
488091
488652
488357
488468
489590
489172
488799
488719
489048
489331
489243
489576
489497
489635
489591
489619
490990
490310
490042
489724
490218
490185
490301
490825
490360
490395
490448
490694
490900
490930
491253
491638
491589
491494
491417
491566
491596
497997
496307
492153
491971
491861
491921
491875
495787
495326
493306
493175
493004
492385
492273
492518
492890
492722
493163
493102
493285
494563
493503
494396
493992
493808
494365
494171
494327
495188
495046
494962
494818
494614
494644
494930
495231
495322
495332
495517
496247
495931
496294
496286
496359
496566
496402
496562
497280
496829
496813
496837
497197
497098
497895
497558
511400
498163
498005
498013
506382
504916
504259
500258
500004
498473
498245
498409
498306
498308
498780
498714
498642
499369
498982
498815
499068
499045
499358
499305
499223
499083
499321
499315
499553
499502
499656
500243
500175
500128
502643
502456
501410
500800
500759
500300
500471
500692
501121
501050
501364
501155
501348
501849
501681
502445
502425
501868
502177
502608
503991
503717
503137
502815
502693
502704
502981
502947
503018
503564
503406
503301
503522
503473
503836
503730
503882
504038
503996
504257
504549
504308
504278
504489
504840
505695
505034
504926
505138
505581
505651
505988
505951
505945
506037
507353
506844
506624
506395
506685
507220
506980
506853
506985
507229
510832
510489
509067
507811
507569
507474
507557
508283
508505
508305
508874
508843
508716
508637
508845
508894
509553
509341
509106
509732
510170
509741
510060
510231
510662
510736
510827
511189
510955
510918
510853
511185
511084
511241
511236
511293
515956
515495
515243
512327
511700
513066
512831
512542
512459
512352
512361
512383
512507
512778
512754
512747
512712
512839
513062
512854
514316
513981
513560
513515
513310
513207
513421
513387
513551
513706
513717
513975
513910
514140
514130
514084
514249
514418
514389
514334
514356
514844
514769
514524
515223
514857
515084
515342
515258
515341
515749
515564
515596
515932
515941
521882
516317
516071
516171
516125
516185
516316
520948
518067
516583
516395
516779
516591
517620
516817
517220
517861
517794
517629
517863
518366
518288
520512
519923
518704
518475
518444
518643
519684
519590
519539
518718
519412
519380
518981
518955
518797
519591
519888
519829
519739
520506
520758
520687
521640
521064
521051
521611
521288
521124
521688
531192
525536
524587
524050
524047
523549
522829
522065
522080
522312
522495
522554
523318
523094
523390
524042
523900
523978
524248
524159
524534
524425
524289
524407
524359
525009
525001
525095
525144
525365
527075
526234
526028
525806
525691
525679
526095
526101
526311
526410
527071
526511
526591
526980
528926
527284
528137
527728
527622
527513
527669
528023
528909
528170
528533
528452
528798
530685
530627
529270
529116
529252
529145
529143
530285
530020
529958
529795
529462
529553
529814
529886
530016
530021
530420
530496
530543
530582
530849
530699
531073
534218
532416
531582
531512
531397
531538
532205
531780
531946
532166
531976
532369
533960
533170
532900
532666
532582
532752
532711
533054
533505
533480
533264
533685
533847
534010
534124
536583
534326
534265
535063
534623
534421
534858
534657
534773
534832
535058
535397
535261
535186
536128
535533
535411
536028
535584
535911
535620
536441
536251
536977
536693
536677
536833
536741
536955
536907
537043
537157
537058
537195
537161
537583
537483
537349
537278
537337
544250
541231
540399
537850
537628
537692
538188
538935
538191
538193
538607
538489
538611
540164
539928
539724
539046
539010
538985
539638
539054
539147
539145
539335
539506
539567
539861
539816
540138
539941
540798
540720
540569
540478
540739
540818
541205
540858
542014
541654
541652
541360
541807
541805
541724
541783
543099
542161
542109
542487
542688
542594
542530
542756
542690
542884
543457
543454
543234
543738
543670
544158
544027
543893
544026
544463
544380
544751
544506
569165
563322
547137
545249
545032
544922
544867
544956
544929
545060
545039
545737
545622
545310
545659
546148
545739
545953
545786
546046
546420
546231
546473
546936
548722
547526
547482
547370
547249
547452
547625
547554
547762
547969
547802
547794
547860
548510
548197
548128
548055
548704
548585
548647
557044
548858
556436
553667
549705
548919
548868
548867
548929
548923
549183
548940
549360
549506
549594
551086
551020
550692
549791
549865
549960
550069
550648
550274
550143
550321
550526
550903
550747
550737
551831
551087
551804
551372
552128
551895
551980
552058
552738
552241
552579
552364
552269
552363
552496
552718
552727
552965
553059
553614
553182
553206
555750
554174
553818
554062
554041
555012
554213
554544
554229
554363
554314
554331
554431
554398
554541
554937
554684
554552
555311
555105
555206
555353
555537
555661
556383
556221
555936
556019
556082
556277
556269
556629
556491
556658
556887
556763
557961
557067
557178
557831
557595
557734
557860
561168
560337
559388
558732
558252
558054
558608
558576
558342
558318
559301
559072
558891
558810
558771
559144
559074
559247
559311
559367
559581
559504
559451
559622
560151
560086
560277
561019
560504
560372
560451
560600
560648
560955
560693
560732
560803
560832
561066
561121
561110
562846
562321
562258
561242
561478
561427
562183
562281
562460
562322
562801
562570
562511
562470
562765
562746
562638
562780
562832
563195
562987
562880
563056
563011
567676
564218
564195
564014
563965
563661
563469
563620
563527
564011
565336
564309
564870
564321
564402
564685
564866
565071
564901
565024
565021
565076
565149
565080
567342
567103
565701
565580
565542
565663
565769
565731
565762
565823
565804
566230
566133
566025
565863
566020
565964
566148
566265
566779
566690
566694
566782
567186
567501
567484
567464
567525
568458
568257
567885
567775
567835
568070
567958
567937
568209
568231
568279
569080
568790
568635
568690
568743
569148
628343
600342
592173
589667
586174
574078
572761
572652
569203
569197
571881
569388
569331
570393
569646
569433
569547
570198
569976
570203
571277
570915
570744
570601
570717
570848
571255
570996
571123
571306
571875
571760
571709
571400
571388
571706
571838
572436
572403
571919
572358
572118
572079
572263
572340
572612
572750
572680
573199
572778
572780
572823
573184
573614
573242
573305
573824
573714
573661
573636
573830
581282
579899
576605
575521
574184
575069
574453
574423
574342
574827
574649
574860
574912
575366
575122
575164
576601
576311
575587
576113
576094
575970
575891
576226
576580
576509
576581
577628
576912
576724
577462
577438
577110
577028
577305
577267
577427
577478
577670
577646
579555
578604
578207
577930
577676
577882
578001
578233
578384
578376
578994
578784
578757
578979
578938
579219
579028
579465
579825
579732
580169
581074
580415
580334
580378
580811
580683
580789
581093
581199
581122
581206
585077
582384
582019
581792
581742
581283
581622
581863
581818
582162
582116
582331
582216
582228
583117
582897
582727
582474
582758
582820
583094
583036
583019
582899
584225
583139
583997
583488
583323
583322
583220
583273
583934
583978
584171
584037
584073
584176
584941
584669
584292
584537
584410
584411
584925
584963
585139
585093
585133
585463
585167
585280
585674
585631
586038
585828
589628
586460
587559
587230
586684
586884
586704
587490
587409
589023
587584
588837
588537
588350
588242
587863
588045
588137
588413
588443
588805
588759
588686
588551
588706
589491
589348
589526
589661
590332
590287
590063
589882
589830
590164
590064
590255
591512
591317
590440
590864
591061
591446
592013
591724
591953
597752
592559
595137
594241
593150
592598
592742
592715
594012
593783
593520
593450
594068
594040
594716
594591
594285
594656
594852
595130
594925
595541
595421
595416
595217
595492
596819
595782
595682
595663
595696
596596
596000
596352
596068
596253
596759
596702
597246
597198
597087
597075
597164
597589
597347
597344
597335
597435
597411
597678
598844
597828
597769
598264
598105
598392
598767
599655
599199
599123
599413
599302
600006
600270
600319
614252
604708
601846
601697
601362
600830
600700
600406
600527
600607
600721
600939
601128
600965
601396
602340
602000
601914
602103
604231
602595
604002
603036
602600
602783
602728
603124
603151
603979
603435
603282
603346
603532
603566
604065
604032
604188
604523
604504
604623
604707
605146
604856
604852
604879
605051
605000
605008
607773
607329
607224
605724
605666
605506
605217
605299
605234
605540
605524
605559
605695
606472
605915
605874
605743
605866
606378
606417
606388
606879
606516
606488
606737
606995
607029
606996
607261
607670
607334
607641
607549
613166
610219
609615
609142
608769
608544
608489
608309
608653
608641
608822
609014
609251
609145
609204
609509
609862
609688
609637
609820
609991
609908
610051
610062
610067
612442
612288
611784
611469
610232
611293
611024
610327
610640
610452
611241
611085
611695
611575
611993
611966
612283
612257
612200
612303
612779
612703
612643
612543
612532
612622
612724
612847
612781
613479
613313
613966
613763
613686
614030
614209
614130
624290
623664
620255
617782
616791
614333
615976
615083
614503
614498
614407
614452
614736
614693
615403
615208
615283
615947
615839
615716
616368
616003
616226
616166
616151
616652
616639
616600
616569
616525
616487
617125
617063
617043
617098
619885
619160
618380
617961
617843
618141
618483
618406
618481
618474
618614
618574
618676
619562
619511
619649
619793
619796
619839
620081
620811
620605
620524
620337
620283
620339
620557
621061
620945
621537
621387
621299
621414
622832
622806
622550
621780
621832
622135
621864
621995
622818
622843
623015
623486
623273
623340
623657
623488
624235
624044
623831
623836
623899
626127
626113
625058
624622
624358
624417
624446
624482
624847
625004
625541
625360
625519
625866
627726
627175
626429
626135
626643
626631
626525
626769
626738
626832
627663
627368
627313
627336
627404
627414
627669
628081
627738
627976
628114
628269
628244
641727
638384
631700
628583
628401
628386
631305
628948
628650
629302
628986
629260
630887
630698
629376
630632
629937
629683
629660
629868
630710
630918
630901
631291
631411
631309
632475
631813
631803
632303
632251
632249
631990
631872
632030
632014
632151
632328
633223
633090
632786
632477
632706
632791
633158
635680
633392
633597
633512
633563
635527
635296
633715
634477
634402
633791
634249
634054
634020
635037
635085
635344
635340
635359
637621
637039
637011
636230
635835
635821
635724
635712
635782
635799
636134
636147
636592
636523
636504
636395
636590
636562
636934
636749
636643
636679
636751
636975
637486
637081
637475
637114
637484
638192
638005
637877
638679
638427
638675
638608
638455
640758
640393
640128
639891
639641
639533
639419
638901
638784
639062
639792
639907
639906
640202
640330
640544
640454
640591
640583
641076
641186
641806
641767
642414
641838
641899
645009
644274
642579
642476
642436
642567
643707
643698
643492
642869
642773
642695
642948
643361
642954
643389
644026
643993
643967
644024
644271
644211
644753
644615
644393
644449
644420
644513
644581
644662
644854
645943
645205
645077
645817
645704
645356
645565
645816
645925
646659
646200
645958
645963
646252
646344
646743
646848
659150
648878
648671
648592
648490
647493
648023
647685
648019
647766
647687
647806
647894
648358
648438
648494
648640
654911
654249
651779
649963
649807
649539
649284
649169
649500
649459
649335
649722
649772
650437
650162
649981
650246
650311
651379
651094
650492
650874
650794
650745
650987
651175
651252
651627
651639
653276
652284
651986
652156
652019
652176
652621
653057
652971
652709
652897
653185
653082
653373
653366
653345
653930
653819
653512
653812
653663
653902
654178
653950
653976
654489
654261
654601
654493
654676
654650
654706
658776
657539
656966
655326
654927
654996
655224
655325
655265
656426
655370
655841
655634
656418
656004
655850
656301
656456
656867
656485
657030
657014
657173
657066
657514
657458
657376
657243
657640
657567
657588
658118
658090
657804
657869
657971
658217
658240
658748
659103
658919
658802
659096
659022
658979
658984
659051
659126
660534
660015
659170
659860
659581
659437
659359
659496
659738
659907
660010
660466
660062
660513
664632
662376
660921
660871
660832
660870
661075
661070
660969
662281
661954
661479
662205
663529
662779
662634
662457
663280
662955
662950
663437
664443
663816
663727
663710
663730
663829
664402
665041
664685
665326
665174
665268
665186
665195
668223
666710
665613
665538
665398
665520
665898
665654
665858
665725
666027
666024
666106
666103
666148
666143
666181
666684
667166
667011
666839
666737
667987
667485
667213
667188
667197
667308
667397
667702
667690
667535
667945
667812
685468
681190
673954
671073
668417
668297
668399
670613
669469
668663
668645
668420
668552
668439
668630
668573
669102
668867
668848
668707
668847
668959
669297
669142
669162
669210
669357
669430
669385
670089
669860
669812
669946
670004
670485
670610
670522
670730
670722
670875
670957
673092
671430
671181
673041
672151
671951
671543
671483
671614
671559
671687
671768
671820
672836
672384
672642
672613
672658
673033
672947
672894
673525
673101
673878
679259
677314
675196
674179
673967
674027
674511
674435
674423
674383
674772
674526
674817
674823
676078
675905
675540
675779
675570
675669
675826
675782
676058
676850
676114
676311
676302
676212
676706
676380
677141
676998
676887
677679
677507
677623
677536
679103
678909
678000
677913
677705
678249
678029
678495
678348
678265
678370
678716
678657
678692
678867
680232
679772
679370
679395
679546
680105
680888
680440
680300
680851
680826
680556
680799
680966
683266
682030
681641
681306
681218
681569
681452
681479
681783
681738
681861
681958
683231
682106
682587
682118
682361
682345
682630
682654
684604
683438
683280
683351
684300
683840
683532
683601
683863
685255
684683
684631
685241
684860
684836
685210
684933
685085
685246
685796
685769
685850
685839
686011
685866
685935
686094
729491
699166
686417
686274
686366
686379
690451
688517
687820
686861
686648
686535
686615
686583
687801
687474
687385
687170
687145
686981
687040
687700
688229
688209
688037
687919
687862
687971
688425
688652
688950
688782
688696
688887
688817
688813
689557
689037
689033
689329
689498
689478
689428
690110
689602
689564
689894
689638
689843
689893
689961
690045
690128
690113
690424
690334
693072
690926
690837
690817
690629
690848
690884
690900
691836
691177
691080
691695
691583
691328
691218
691379
691676
691591
692083
692058
692859
692405
692392
692380
692342
692399
692425
692434
693029
695828
694737
693586
693485
693344
693123
693469
693390
693871
693787
694176
693889
694140
694577
694529
694256
694733
695562
695126
695689
695641
695737
698496
696218
695969
696143
696006
696670
696403
697571
697469
697306
697426
698433
698272
698160
698090
698215
698413
698441
699000
698790
698701
698683
698518
698830
698938
698851
699012
699003
714529
707866
707574
700542
700053
699464
699281
699192
699272
699278
699521
699770
699637
699606
699779
699992
699853
699794
700143
700399
705721
700911
700814
700751
700873
702382
701260
701000
701163
701193
702084
701861
701860
701829
701823
701296
701732
701642
701612
701388
701815
702036
703809
702585
702450
702876
703125
703283
704354
704301
704263
704794
704585
704388
704523
704525
704589
704835
705135
704929
705015
705039
705644
705293
705332
705677
705709
706557
705751
706057
705793
705975
705883
705897
705932
705981
706296
706896
706894
706855
706631
706850
706851
706898
706917
707550
707396
707722
707624
707836
707863
711804
710326
707913
710216
708918
708150
708078
708132
708121
708856
708360
708239
708752
708377
708845
709398
709306
708947
709304
709072
709267
709143
709231
709918
709705
709718
710166
710172
710298
710269
710300
710320
711689
711073
710651
710614
710992
710799
710758
710863
710819
711014
711063
711656
711179
711127
711398
711199
711441
711539
713410
712212
712137
711917
712119
712406
712337
712358
712899
712464
712421
712778
712870
712987
712998
713377
713014
714071
713509
713592
713936
713971
714391
714379
714161
714461
723142
721458
715720
714998
714929
714684
714894
715279
715116
715094
715330
715373
715457
720698
719810
715937
715733
719011
718265
716723
716059
716268
717010
716860
717443
717308
717025
717291
717233
717136
717350
717309
718168
717753
717770
717762
718110
718759
718293
718463
718966
719785
719505
720614
720323
719905
720046
720567
720659
720682
721394
720923
720770
721344
721266
721411
721988
721769
721624
721706
722108
722897
722299
722112
722250
722127
722641
722606
722835
723031
729296
727531
723261
726022
723336
723306
723303
723854
723559
723549
723421
723453
723457
723599
723806
724194
724177
724160
724110
724280
724852
724623
724670
724711
725636
725196
724972
724877
724997
725185
725147
725215
725466
725940
725877
726214
726147
727470
726500
726354
726442
726523
727043
726659
726575
726722
727446
727129
727127
727059
727268
727358
727352
727422
728493
727742
727725
727551
727538
727718
727737
728002
727863
728075
728054
728299
728242
728580
729094
728637
728586
728632
728924
728808
728915
729215
729112
729454
729386
729364
862137
776682
747989
740835
733110
731335
730414
729669
729521
729510
729853
729681
730344
731048
730741
730430
730710
731123
731159
731486
731742
731640
732307
731898
732069
732875
732937
732940
737517
737268
735119
733138
733471
734922
734638
734141
733694
733691
733962
734471
734278
734514
734944
736836
735224
735452
735935
735678
735670
735756
735741
736121
735997
736755
736362
736725
736852
738962
738367
738205
737996
737523
737937
737792
737790
737672
737968
738082
738900
738566
738692
738640
738805
740349
740032
739452
739242
739788
739602
739577
739543
739737
739794
740224
740107
740129
740262
740624
740589
740546
740572
740828
740802
740662
740650
740832
741718
741381
741071
740885
740858
740979
740940
740951
741320
741701
741439
745362
741915
741826
741799
744039
742471
742087
742033
742297
742387
742504
742559
742587
743766
743582
742734
742937
743678
745088
744704
744204
744279
744719
744800
745303
745161
745408
746625
745752
745587
745531
745731
746224
746083
745866
745857
745804
746470
746908
746844
747343
747096
747037
747163
747575
767975
757426
749028
748853
748441
748216
748046
748326
748242
748271
748252
748274
748753
748790
748985
753594
752094
751734
750086
749470
749166
749101
749130
749978
749922
749818
751595
750366
751421
751051
750922
750856
750582
750989
751216
751467
751452
751715
751906
753090
752769
752132
752096
752505
752372
752188
752494
752618
752606
753094
753175
753989
753840
753799
753637
753983
754665
754626
754309
754308
754095
754417
754604
754483
754476
754435
754579
754623
754858
754918
756252
756129
755680
755429
755219
756229
756319
757006
756429
756725
756719
756971
757082
761710
761293
760045
757525
757474
757510
758040
757942
757933
757728
757716
757537
757818
757735
757874
757850
758016
758987
758709
758920
758781
759331
759291
759126
759410
759386
759510
759585
760011
760282
760056
760150
760073
761143
760310
760468
760460
760445
760495
761018
760528
760855
761157
761156
761502
761298
761429
761624
766910
761922
761761
761782
761835
762201
762182
762014
764464
763583
762557
762691
762682
762661
762644
762859
762790
762751
763327
763023
763466
763451
763469
763979
763957
763774
763930
764455
764277
764238
764351
764457
765438
764869
764728
764597
765115
765672
765464
765619
765631
765802
765793
766143
766101
766018
766162
766851
766165
766647
767298
767081
767073
767004
767173
767094
767497
767304
767740
767693
767734
770869
770402
768859
768362
768352
768296
768174
768114
768152
768589
768546
768445
768462
770298
769023
768877
769065
769212
769180
770120
769969
769251
769585
770026
770342
770401
770717
770534
770466
770528
770578
770617
770794
770836
772837
772509
770950
772446
771056
772024
771873
771067
771867
771166
771716
771799
771727
771836
771838
771891
771952
772831
772629
775868
775378
774087
773752
773116
772883
773729
773538
774002
773849
773925
774053
774752
774222
774152
774342
774340
774546
774683
774630
775190
775350
775624
776114
775985
776487
776210
776182
776578
788178
778361
777120
776851
776699
776900
777098
778336
777678
777442
777279
777371
777753
778127
777770
778067
777884
778208
778202
778329
787672
780697
778731
779857
779430
778827
778782
778903
779225
779058
779036
779696
779730
780488
779933
779922
780151
780017
780074
780325
780179
780451
780492
781481
781054
780714
780809
780812
780960
781200
787079
782858
782271
782003
781884
781787
781556
781506
782629
782438
782370
782497
782595
782702
782817
786698
784824
784688
783308
782870
783048
783099
783286
783363
784195
783390
783942
783733
783577
783701
783769
784021
784555
784614
784738
785338
785099
785092
784984
784873
784878
784972
785038
786498
786495
785859
785361
785660
785362
785538
786222
786090
786530
786512
786620
786847
787057
786880
787034
787548
787385
787160
788118
788079
787676
787705
787734
791765
790640
790543
788236
790142
788702
788424
789550
789228
789349
789435
789953
790290
790279
790246
790350
791577
791308
791150
790645
790642
790900
791069
791417
791560
791561
791635
793752
792103
791981
793015
792485
793312
793057
793488
805227
796318
794865
793849
794032
794003
794004
794245
794115
794793
794282
796193
794993
795537
795408
795496
795475
796101
795837
796102
797524
797030
796945
796577
797421
797056
797487
805176
804553
800332
800325
797771
797532
799867
798916
797933
797799
798853
798192
798077
798176
798737
798504
799321
799198
799154
799508
800175
800037
799951
800171
800179
801318
800438
800397
800421
800943
800519
800887
800768
801172
803116
802874
802853
801556
801323
802264
802157
801567
802111
802779
802305
802350
802744
802642
802862
803037
803034
803877
803388
803161
803240
803651
803512
803400
803622
803548
803711
803973
803963
804438
803987
804249
804457
804788
804587
804679
804667
804837
804928
805000
846554
817534
812935
805780
805656
805313
805266
805258
805330
812753
807237
806859
806617
806489
806108
805817
805973
805990
806118
806111
806420
806364
806124
806565
806762
807114
806892
807178
808420
807834
807321
807332
808356
808044
808040
808048
808176
808169
812718
808576
808453
808536
810206
809482
809137
808618
808651
808892
808668
808931
808993
809242
809356
809572
810154
809588
809807
812386
810677
810456
810560
811246
810827
810706
810983
811759
811540
811921
812567
812525
812683
812645
812727
814735
813251
812937
813152
813002
813167
813234
813363
813284
813270
813469
814671
813588
813657
813918
813847
816673
815798
815651
815101
814813
814869
815260
815167
815105
815229
815380
815268
815277
815373
815485
815442
815752
816234
815837
815980
816259
816632
816612
816651
817387
817039
816845
816702
817242
817082
817061
817453
843136
837712
832079
825193
820095
818019
817875
817927
819728
818192
818116
818078
818090
818705
818216
818585
818419
819327
818844
818986
819018
819643
819988
819732
819802
819757
819955
820060
823986
822621
822028
820154
820677
820211
820575
821871
821251
821175
821107
821245
821842
821409
821257
821932
821954
822281
822155
822296
822751
822738
822895
822752
823417
822972
822962
823169
823684
823631
823554
823780
824542
824402
824172
823997
824054
824013
824303
824429
824432
824693
824561
824594
824854
824803
824958
824904
830747
826970
825670
825464
825362
825548
826107
825800
825818
826130
826829
830405
827680
827371
827262
827216
827658
827530
827480
827626
827665
829939
829108
828759
827752
828086
828042
828502
828947
829061
829504
829666
829613
830070
830558
831550
830971
830797
831500
831301
831016
831059
831399
831734
831653
831771
831835
832789
832458
832541
832686
832972
832931
832854
836778
834253
834090
833864
833582
833274
833001
833068
833306
833358
833806
833697
833718
833967
833877
834132
836642
835714
835008
834464
834287
835182
835046
835196
835352
835374
835635
835565
835483
835619
835921
835863
836062
836053
835996
836278
836077
836174
836456
836390
836446
836472
836519
836673
836772
837689
837441
836911
837072
839043
838108
838029
838000
837850
837715
837745
837864
838056
838096
838069
838305
838811
838584
838550
838795
839034
838823
840603
839150
839069
839643
839236
839195
839160
839165
839184
839623
839421
839861
839716
839845
839970
839971
840032
840378
843085
840966
840657
840852
840766
840840
840816
840920
841506
841221
841116
841348
841295
842592
841758
841512
841956
841847
842668
842736
842836
842740
844360
843534
843211
843176
843230
843358
843473
843757
843547
843849
844067
844324
844579
844573
846153
844946
844892
844656
844589
845284
845739
845494
845510
845532
845548
846375
846239
846510
853357
848702
848553
847956
847037
846973
847901
847467
847213
847076
847445
847432
847679
847601
847486
847651
847860
847734
848284
848196
848086
847981
848525
848605
848683
853205
852880
852098
850927
849512
849215
849082
849142
849118
849342
850442
849963
849885
849839
849803
849888
850141
850391
850832
850443
850612
851106
851727
851128
852076
852618
852332
852845
852854
853199
853005
853119
853308
853267
854923
853459
853409
854347
854023
853730
854048
854158
854324
854440
854635
854490
854645
854764
857725
857306
855958
855190
855172
855608
855382
855311
855418
855670
855764
855746
855859
855858
855768
856559
856408
856264
856096
856547
856782
856583
856834
856942
857344
857405
857381
857552
858276
858269
858115
858111
857742
858144
862079
858574
858507
858329
860169
860004
858969
858702
858605
858953
859502
859199
859146
858972
859738
859717
859602
859593
859995
860039
860082
860485
860186
860174
860255
860437
860416
861128
860676
860823
860713
860833
861309
861258
861481
861469
861353
861545
861777
862056
862096
890186
869705
865278
864702
864513
863104
862470
862436
862262
862171
862328
862324
862416
862406
863059
863038
863825
863424
863354
863339
863597
864272
863989
863836
864117
864058
864071
864496
864469
864858
864836
865154
865142
865102
865043
865061
865220
865212
865165
865253
865540
865290
865434
865357
865403
865471
865458
869523
867562
866109
866062
865579
865815
865824
866096
866088
867490
866870
866407
866667
866624
866446
866431
866455
866522
867373
867033
867441
867401
867558
867886
867844
867799
867717
867631
868316
867910
869471
868499
868590
868584
868819
868752
868662
868937
869425
873262
870502
870412
870265
870203
870387
870392
870487
871080
870864
870755
870506
870891
870878
871769
871439
871297
871133
871379
871513
871729
871838
871868
872872
871904
872329
871972
872213
872173
872180
872607
872597
873232
872895
873091
873124
876173
874964
874805
874530
874414
874080
873672
873660
873761
873909
874363
874798
874757
874648
875530
875397
875029
875144
875860
875614
875977
879824
879568
879439
878472
876433
876305
876198
876203
876700
876682
876558
876453
876507
876797
876761
876921
876813
876827
877716
877233
877071
877032
876992
877193
877195
877252
877235
877928
877787
877858
878380
878654
878514
879179
878727
879021
878746
878762
879203
879449
879682
879615
879814
879820
879905
890114
884391
884320
881201
880575
879934
880541
880253
880088
880474
880428
880262
880594
881085
881076
880860
883388
882665
881277
882127
881867
881527
882078
882356
882234
882423
882635
882909
882690
883963
883759
883761
884255
887979
887228
885400
885359
884477
885353
885216
885204
884749
884568
884750
885111
885562
886676
886590
885969
885952
885850
886247
886206
886489
886417
886488
886643
886624
886981
887781
887261
887581
887847
887825
887849
887933
889473
888997
888498
888177
888049
888053
888079
888262
888310
888675
888631
888751
888717
889248
889026
889459
889293
889740
889593
889876
889914
891366
890456
890269
890246
890340
891179
890641
890788
890908
891348
891256
891557
891666
891599
891561
891610
892647
892595
891952
891937
891698
892486
892327
892018
892347
892574
892506
892694
894204
893116
893090
893006
892740
893304
893184
893719
893577
894026
957427
936105
901777
894337
899365
896527
896431
895029
894978
894544
894362
894601
895008
895392
895211
895890
895573
895475
895680
895763
896299
896124
896053
896197
896228
896263
896314
896394
896438
897910
897342
897248
896627
896543
896620
896569
897181
896775
897508
897899
897973
898110
898051
898426
898378
898182
898347
899162
898590
898875
898635
898759
898803
898861
898940
899329
899263
900819
900353
900035
899835
899733
899512
899622
900015
900113
900142
900361
900655
900575
900660
900720
901241
901005
901076
901142
901623
901527
922624
911862
909753
907659
904315
902103
902037
901837
903013
902246
902656
902484
902677
903510
903041
903018
903460
903295
903060
903296
904290
904045
903684
903568
903591
903732
906542
905483
905255
904789
904610
904557
904456
904422
904644
904622
904626
904755
904960
904792
905126
905472
905445
905480
905659
905733
905691
906410
905894
905968
906020
906427
906439
907354
907168
906762
907630
907442
907502
907644
907680
908393
907841
907788
907728
907755
907741
908182
908047
908021
907885
907918
908156
908101
908737
908565
909519
908910
908869
909326
908936
909188
909557
910311
910169
909959
910055
910272
910533
910411
910529
911541
911022
910547
910722
910667
910940
911410
911149
911479
911825
911621
911674
911732
918066
914865
912158
911872
912028
912142
914431
912545
912285
912233
912523
912876
912979
912930
912907
914329
913845
913422
913195
913074
913138
913193
913423
913718
913689
913444
914019
914261
914236
914044
914513
914485
914493
914633
914760
914689
914710
916385
915916
915262
915216
914887
914946
915824
915581
915380
915825
916348
916316
916102
916026
916377
916887
916793
916651
916547
917176
917035
917140
917121
917642
917585
917243
917238
917562
917431
917423
917618
917669
917646
920046
919283
918833
918549
918068
918531
918166
918654
918589
919246
919542
919484
919365
919300
919544
919917
919545
919926
921335
920397
920111
920395
920344
921021
920930
920812
920475
920747
920520
920992
921203
921069
921289
921273
921939
921776
921704
921505
921420
921412
921528
921754
921808
922101
921958
922444
934367
930824
927519
927108
924492
924245
923044
922983
923019
923148
923116
924181
923486
923347
923447
923892
924136
924235
925277
925232
924546
925131
925265
925782
925543
925451
926358
926187
925790
926003
925976
925934
925967
926293
926229
926190
926308
926802
926663
926611
926551
926738
927072
926894
927084
927325
927272
927255
927162
927111
927483
927859
927668
927665
927699
928457
927895
928883
928777
928699
928827
928952
930242
929806
929733
929626
929334
929311
928954
929358
929651
930102
929877
929812
929972
930276
930471
930385
930371
930467
930649
930625
930578
930687
932793
932507
932078
931991
930847
931537
931435
931354
931231
930877
931092
931515
931901
931563
932073
932420
932345
932294
932185
932386
932483
932657
932544
932702
933175
933036
932810
933138
933123
933686
933579
933537
933243
933322
933391
933553
933570
933582
933859
934267
934269
936101
935570
934835
934392
934965
934905
935129
934976
935310
935775
935829
935809
936036
936016
942756
938332
938042
936372
936367
936371
936403
937461
937355
937215
936641
936424
936611
936504
936583
936650
936957
936944
936961
937284
937244
937511
937462
937950
937909
938208
938137
938082
939726
938845
938352
938404
938642
939522
939084
939037
938985
939426
940815
940208
940083
939764
939876
939866
939952
940000
940117
940650
940263
940490
940291
940619
941627
941440
940825
941142
941352
941466
942568
942503
942451
942339
942017
942121
942559
942661
942742
952568
949442
946062
944589
943188
942965
943078
944287
943458
943219
943445
944156
943652
944258
944356
944559
944387
944588
945936
945528
945278
944871
944685
945277
945200
945272
945366
945291
945388
945460
945463
945802
947970
946244
946071
946662
946651
946598
946406
946843
946723
947915
947123
946946
947082
947859
947305
947187
947590
947485
948422
948142
948080
948162
949201
948619
948468
948950
948831
948722
949035
949000
949189
949168
949387
949299
949308
951506
950124
949460
949960
949959
949584
949842
949651
949645
949936
949867
950114
950972
950703
950655
950566
950813
950955
951102
950973
951191
951245
951276
951460
952456
952391
952353
951933
952305
952343
955077
953546
953508
952932
952822
952672
952584
953486
953107
952969
953503
953538
953550
954831
954328
953762
953556
953747
953699
954065
954044
953809
953791
953767
953999
953973
953831
954309
954221
954248
954666
954592
954811
954710
954803
954940
955075
956423
955266
955154
955584
955269
955533
955736
955590
956089
955920
956201
956189
956322
956841
956572
956552
956624
957006
956955
957082
957172
957261
957356
986300
960739
959816
958815
957779
957579
957462
957482
957588
958213
958126
958620
958375
958352
959334
958938
958994
959799
959635
959442
959406
959768
960197
960166
959847
959861
960153
960410
960247
960311
960371
960387
960650
980459
969214
963887
962875
961234
960882
960927
961996
961443
961324
961956
961950
962694
962667
962404
962300
962659
962739
963477
963341
962973
963470
963694
963701
963751
966956
964206
964107
963911
964080
964167
964193
964855
964280
964418
964362
964401
964616
964430
964632
964813
964806
964783
966898
965810
965045
965010
964932
964901
965219
965214
965125
965069
965331
965298
965229
965267
965763
965461
965634
966038
965903
966071
966834
966101
966133
966456
969182
968809
967040
968695
968222
967287
967477
968114
967563
967807
968419
968373
968523
968742
969081
969008
968860
968846
968981
968979
969593
969421
969311
969513
969495
978475
973639
969653
970214
969765
969893
970210
970127
971692
971189
970282
970921
970638
970402
970870
971020
971155
971419
971355
971656
971436
971601
972368
971798
971761
971892
971861
971983
972086
972744
972605
972424
972981
973618
973524
974939
974533
974080
973685
974063
973777
974411
974748
974747
974830
977326
976142
975942
975717
975715
975347
974987
975543
975957
976003
976053
976312
976331
976896
976461
976375
976804
976500
976479
976845
976952
977294
977013
977848
977537
977426
977487
977481
977620
977983
978318
978061
978432
979835
979265
979014
978896
978865
978900
979816
979439
979502
980231
979880
979858
979903
980074
980035
980095
980207
982440
982065
981472
981187
980683
980625
980522
980661
981128
980798
981065
980937
980850
981031
981375
981258
981425
981424
981571
981859
981971
981910
982047
982124
982240
984863
982444
983826
982479
982683
982562
982535
982679
982604
983436
982799
982992
982843
982935
983093
983214
983426
983231
983553
984740
983983
983828
984230
984189
984135
984701
984692
984418
985766
985760
984931
985995
985934
985809
985917
994640
988156
986505
986365
986378
986445
987729
987391
987060
986761
986631
986522
986702
986683
986835
986940
987534
987677
987738
988154
987771
988038
987927
987998
993541
991510
991381
989747
988485
988296
988264
988294
989436
989166
988601
988575
988901
988895
989654
989633
991374
990098
989891
991070
990815
990334
990125
990737
990396
991027
990992
991308
991132
991133
991215
991485
991450
991455
993513
992183
991982
991705
991761
992132
992448
992379
992456
993100
992965
992558
992482
992546
992910
992616
992995
993084
993493
993369
993259
993430
994187
994178
994069
994064
993699
994217
999348
999263
997723
995880
994787
994780
995165
995124
994846
995150
995847
995688
995303
995287
995333
995628
995348
995722
995720
995833
996935
996376
996184
996018
996109
996125
996664
996521
996543
996913
996747
997522
997415
997003
996964
997329
997572
998331
998199
998120
997991
997751
998100
998182
999011
998995
998526
998489
998966
999215
999780
999642
999742
999711
999946
999872
999909
