100

55 299 2512
282 2070
250 1872
54 437
197 643
68 1165
202 1931
249 1672
135 2030
175 1790
223 253
17 771
256 1791
287 2038
120 1158
45 242
92 897
249 1906
142 2117
196 1813
282 534
140 561
74 239
165 616
75 1089
162 1317
197 1517
29 797
93 1614
215 2202
144 755
169 950
46 87
5 2081
280 1893
12 89
43 2178
255 2005
127 1681
212 1458
270 2192
70 1397
230 378
207 2090
113 236
255 1348
267 2302
153 2171
248 2432
158 1206
115 1858
139 661
122 78
253 304
33 148
157 492

82 8067 2775
4493 2284
3359 512
5355 1003
4263 1892
4371 2198
7897 2264
6186 371
8029 846
3287 2143
816 1954
5246 1810
5644 2014
6372 1625
7837 2456
7060 675
5664 1597
275 1178
6229 1676
64 1555
4108 2516
660 748
7025 1682
4426 1147
5267 1679
6564 132
29 2398
1890 852
5702 359
1520 1950
1156 1325
708 1513
6326 2643
2702 1271
3275 2438
3029 2236
5637 2082
1549 1497
850 2569
4988 1199
6567 1119
5132 876
5937 2057
4202 1464
7189 2205
4661 2552
2619 759
5026 235
1362 957
4487 2097
1820 2768
668 171
5585 178
7069 1309
5313 1821
1574 2367
5656 2407
6509 425
3309 1509
2132 430
2699 1529
4392 2381
4888 2439
4218 997
4048 1424
175 175
7328 947
158 1020
1677 2723
655 468
4752 2407
4089 698
6472 1634
6820 1447
2322 917
7177 545
5846 505
5171 326
118 2550
3130 2732
7464 222
7030 1270
7588 2644

60 573 9889
386 383
463 7338
129 8348
570 4364
298 1065
193 2797
444 6824
127 2771
325 3633
410 8981
265 4653
1 7228
248 8100
491 5147
76 2549
227 1805
395 8779
20 1197
424 2529
5 6156
223 7951
330 5490
494 8522
33 4048
417 9670
153 8350
80 7324
414 8583
402 7465
266 3828
107 2322
227 7613
388 3349
312 3758
180 5225
494 7450
470 989
12 2825
13 5982
307 5851
52 2539
571 7275
17 2174
137 5544
354 6156
341 6003
242 4219
417 6197
253 1395
5 3265
385 4321
234 8934
89 5816
379 8707
45 3661
563 2652
423 5716
527 5202
263 5268
60 4607

76 5300 7264
2014 1470
4387 3961
4841 4256
3046 3233
1563 6285
1732 2900
3517 2217
3610 6520
1225 2938
1489 5515
888 4487
2105 6064
4079 493
5107 4362
486 3057
3109 4606
5280 3456
3389 6139
3116 1900
1054 5397
2201 2961
1073 5499
14 2759
3061 3291
3504 4002
4964 4360
4879 706
2195 6121
54 4002
4798 3635
2442 6088
4202 1050
2735 1909
3988 915
1412 2123
3356 5159
3646 7102
2891 2114
85 3901
2711 6233
3990 5949
1933 6310
1076 2564
4726 1602
1343 5118
3909 2278
3054 2601
4447 4787
2668 3145
4956 1515
16 7187
3516 1070
4260 5283
3298 2877
4441 3723
228 4045
3639 2273
5106 4373
2339 2241
1003 5489
2140 3692
4386 816
1609 6885
3982 3562
2325 2143
3717 2254
279 2354
2927 142
2670 3420
3981 1273
2458 6539
4726 4235
4434 2031
2610 1093
4510 4034
1253 1521

6 1718 1836
138 348
518 1477
723 1822
190 1762
1404 541
1529 710

100 8618 7708
916 3558
8486 5615
1037 5214
4078 2437
7717 6712
3204 1786
5973 7364
8008 1287
2597 458
4927 2943
7255 7300
7986 245
5887 5074
2554 5735
5284 2945
6602 2622
1051 1853
233 5125
523 5087
2825 5730
6360 6229
5719 5727
3558 2743
8538 4394
905 4392
6842 1223
4885 3773
3863 1470
4349 1120
5545 3994
7485 1906
571 1975
7435 5339
7738 1980
5944 4636
7085 4187
3648 2077
3321 4446
1649 1612
6550 6860
690 4617
3617 353
5925 1040
2091 4838
5387 747
562 527
8248 3015
4442 4147
851 6875
8266 3208
2995 4673
2168 5324
6147 3258
6221 6485
8180 6769
2664 3392
96 1768
3001 3874
6632 7287
7321 2784
8519 4866
209 573
5615 5970
3589 1470
1467 5142
775 2897
4160 2770
4583 1442
2584 5746
3112 3759
5517 2845
1998 2098
2406 106
1124 3878
5342 4915
1276 5959
5614 6786
6493 768
3806 7434
3829 5819
4343 2239
8485 7165
6676 3195
3365 1290
5379 7612
1017 2774
3324 3692
3409 615
7345 6564
7145 5170
5549 1380
6539 4767
5423 164
2809 2267
5029 1630
4529 1392
4812 6542
7772 7194
8175 6924
4260 7701

34 4567 5610
2874 2412
3180 3839
2162 2938
3108 482
3667 2527
4098 848
1797 2154
2392 1262
3302 4975
4112 2731
4335 4202
2922 5553
921 4536
3242 2723
4054 11
865 4204
1827 2924
3436 1583
252 385
3424 2260
835 337
2877 2635
824 2680
3030 78
205 5387
3502 2567
3127 5213
2846 1649
1985 4291
4264 3004
2976 3581
669 1082
2085 3934
124 501

32 2483 8696
917 2060
2430 1750
1124 7910
2226 4979
2259 8057
326 2808
1550 6147
1374 7050
2270 8231
123 5526
755 3331
1971 2308
1381 6762
315 6817
2180 753
1416 8088
2447 8283
947 7638
2006 2069
2317 8130
294 6448
726 2543
117 5923
448 69
321 3521
181 2790
488 5135
937 2279
2264 386
1456 5057
1004 2649
1803 7323

81 9296 5605
6621 3768
4087 3683
254 3825
2805 546
268 4187
806 2645
9063 980
4351 3543
5843 271
3186 3000
1360 4887
3688 1946
1423 2747
5016 4096
2377 2639
3499 4046
1085 1587
655 4554
1170 1171
8248 3688
1979 3857
4440 4267
8002 177
4955 5399
8420 3939
7553 2222
1184 3461
7191 4298
8477 2421
5522 2625
5755 812
306 3806
455 480
2435 3823
285 4824
1305 5402
7888 677
8288 4114
3281 4898
5281 4213
703 1628
8981 4824
5166 538
7771 538
5299 4857
8223 4600
3423 4126
6870 4516
831 3205
7314 1240
7076 5004
2175 3963
3825 2571
2287 4508
885 149
815 5091
8983 1702
7500 2263
1628 4357
5965 1526
8165 798
5834 1264
4189 4257
4645 2463
465 3174
5784 3426
1754 3134
6959 1811
1602 1101
4645 5259
4876 5183
6353 1311
2285 4768
690 333
8892 530
8280 4100
6892 4710
5309 3536
6903 382
8280 4336
853 1887

88 9911 7797
4668 1363
590 2796
7159 3115
2938 4170
203 1455
378 564
7224 7337
9719 6592
6443 6508
468 2855
6195 2232
6412 928
4309 4735
3477 794
9237 5863
9068 236
8285 2797
5150 1792
2682 906
7959 4796
5830 6585
1043 4328
4879 4727
8352 6945
2553 1589
9732 4183
8227 3895
6706 2986
3208 6118
3632 982
4479 6309
4581 6503
715 2686
5824 2000
2269 6237
93 3221
5649 2971
5278 6680
3250 1374
9574 3212
7011 4994
1132 1623
9041 3144
1075 1466
796 4411
7882 6867
4572 4817
6831 7755
4597 136
1327 5440
6995 7166
1200 1522
3255 1477
8286 4165
2148 1507
7105 4647
2643 6788
3825 5662
3860 698
7300 7477
2303 840
4607 6677
9211 5274
5355 3250
9055 2355
1073 3319
394 1509
5880 730
1948 7
8201 1499
2737 3025
3169 4638
4726 2180
899 780
8372 2283
9371 1146
6856 856
454 211
6010 3312
9502 6564
2714 4128
609 2382
1809 6832
9486 7135
5934 5465
6428 2626
1435 5120
4694 5915

43 1048 6868
210 1870
38 5470
556 6634
0 4356
444 1092
534 5619
945 4147
986 3537
118 1389
267 4102
746 2069
652 5198
894 1300
1007 6122
1042 5439
568 3031
126 239
980 661
444 1966
71 2919
821 6868
148 6094
3 109
873 4046
817 1276
951 1452
702 3749
904 2066
705 6255
320 5652
155 6481
773 1350
198 6669
272 1576
314 4424
400 5145
135 3555
698 3289
312 296
346 997
722 6364
948 6273
924 5121

53 2774 1249
2754 548
1332 201
761 874
1491 985
1903 493
1458 271
1187 553
2293 973
2590 536
2132 220
2737 651
2241 1174
278 644
689 886
751 1181
972 443
2223 281
2739 729
2114 995
294 1157
1108 1030
1448 399
2613 827
2595 1059
2587 591
889 158
2325 475
1758 511
1433 447
673 5
1149 727
1262 867
2692 707
918 515
1950 656
2463 731
1161 610
870 617
2334 293
780 646
1608 391
88 1056
1776 305
2364 1159
138 313
633 871
1992 308
2217 850
1729 187
2312 1098
1804 1225
621 505
666 321

50 3849 7090
2506 4106
1955 980
1667 5325
3522 5978
2802 1026
2885 2339
930 3091
567 1735
3477 1013
1047 2700
2274 6976
2995 2492
3724 4003
3723 2006
1135 6563
2015 7040
2494 3770
1216 2744
1061 4047
2694 81
1180 5575
3815 6337
432 4641
3512 875
1048 4110
29 5529
506 6015
3004 7015
3835 2097
1851 3058
1807 3142
1340 2567
3495 1928
2566 7038
53 5225
894 6158
2582 4185
1803 5885
1675 4693
1594 2724
567 1475
2137 4531
2584 64
2757 2222
1507 5111
10 4327
3796 835
1723 5959
2151 5346
3340 5847

59 9117 3734
2600 1612
3627 3036
441 1807
6699 506
462 1731
6810 2206
797 2075
8153 3539
4642 3316
2281 2979
6243 3679
731 2356
6089 931
2420 2784
4874 616
2076 1860
224 880
1407 1678
7641 1535
4010 1455
4178 1051
418 2197
6401 1743
7906 1352
6141 1302
5443 3065
808 692
8293 74
8421 3027
5604 3045
7903 2999
3087 3238
7060 2368
3813 797
5874 2634
5950 3361
8935 2349
1405 2524
8399 1086
4121 1871
4398 1090
1341 2163
3841 814
3755 3485
6274 594
7280 3535
5157 1512
6181 3459
7542 1840
1707 1695
7130 3412
228 95
84 2162
4234 151
4163 1979
1197 811
1987 3561
1667 3341
3594 373

1 9253 400
661 53

32 2942 8498
2156 6508
420 4446
1720 4633
2657 2650
512 943
2901 2899
1453 1971
2418 3012
1850 8124
1983 4162
274 3295
450 5411
131 5991
2883 2116
2053 35
1966 2079
2379 7263
1178 4973
2077 1301
1251 1468
1958 5811
2365 1546
1383 7864
2883 3082
560 3585
1039 4153
1124 424
693 8398
2189 2642
864 1730
1140 8190
213 3009

63 6924 8620
5846 1642
3558 2835
5402 6063
2174 7315
369 5079
887 780
1182 7971
6611 6877
5930 2075
6261 3277
5813 6781
1301 41
25 6151
3433 7823
3568 6024
4785 7657
4777 2940
2665 876
2793 7311
3297 2341
5081 6826
1573 7423
1758 8371
1657 4794
3183 917
5812 199
383 3397
5544 7709
5431 668
3593 8543
6892 3555
5752 4663
2013 3355
780 7686
1726 2113
5864 8380
5158 6349
3958 232
4498 3555
6239 4565
4951 8501
3438 2524
1690 4294
3222 1908
5910 1757
1026 882
5589 2899
481 366
280 6062
2404 4884
3632 8531
5569 8288
604 5257
1776 6967
2038 4014
1878 7333
6235 569
5111 6750
2983 8173
6342 8456
5527 1363
5926 2912
4296 512

10 1946 1735
1623 1390
8 33
1902 1212
1069 1069
627 136
114 602
907 1627
1898 428
1236 955
318 95

67 3277 2345
2154 508
2174 669
1746 871
1376 965
2467 1924
2866 460
1599 248
2200 1101
597 1206
1476 578
567 1925
591 1540
1126 1356
2983 23
2809 1950
1117 803
1897 0
2114 1463
1829 1557
3121 25
3203 560
581 1693
1024 1300
907 2303
1949 725
2936 1141
1511 1535
818 2314
2989 829
752 2101
2599 94
2747 438
3058 169
2313 700
189 520
3264 758
2974 92
1916 1312
205 222
1799 2186
2658 1920
1198 504
2503 1286
2723 1730
3026 846
1914 803
2163 1633
2540 1426
583 1631
2442 156
2436 851
2767 2221
1454 2175
2949 2307
1267 211
700 1128
1437 376
2347 1839
2891 348
1312 21
2588 1157
876 1622
243 363
2828 769
379 59
101 977
2214 600

1 4714 9564
4711 2585

92 678 2440
467 2244
349 1072
44 1542
666 2035
613 2235
585 2021
673 44
282 1600
277 520
318 970
669 1328
484 925
307 1632
180 1874
640 983
136 182
368 1647
327 739
147 1391
532 1779
677 1896
258 1229
295 1501
18 1272
487 1166
438 2107
608 1671
637 680
636 1398
251 1597
202 1373
152 2409
525 1764
184 838
36 1681
50 115
600 727
344 2213
287 2414
481 718
226 1625
457 344
120 417
595 230
563 1781
369 2154
364 500
52 1144
414 1154
47 968
610 1119
593 372
674 1893
523 1748
354 254
662 1034
64 2030
180 143
302 479
421 1298
455 1510
523 2435
297 1992
9 407
587 637
668 661
81 334
573 2221
243 189
88 1401
25 1025
203 329
582 1506
22 97
324 631
270 1037
312 245
18 1938
553 776
5 1905
548 2071
325 2168
259 763
291 66
584 2396
188 1929
157 2242
198 2081
337 1691
625 2347
203 136
500 1985

86 7477 9597
2317 7453
1016 7674
2384 91
1775 8461
5905 9166
5413 8918
4841 3847
1999 3730
3737 5034
2387 9341
3896 702
4860 4091
2408 1127
717 8292
7366 4622
6384 4986
6454 3787
5479 8942
398 4381
3485 2731
1453 5310
5022 2050
6700 5287
5484 1245
6747 2122
4190 318
6272 6828
3033 1232
506 7816
3416 3336
7350 8231
1183 3951
7098 6148
3011 8277
51 1509
5048 9547
1061 4512
1830 7746
1179 3444
657 382
6540 8718
4927 1316
1849 4199
2476 831
1535 7402
4001 3678
6966 678
604 3179
3952 3662
5844 5379
858 3603
4418 747
4654 3476
832 1381
307 6035
6575 6273
1478 603
6552 5312
6762 9320
2344 2257
7222 3110
2729 8708
7045 2512
1644 4758
4360 2401
3354 6982
7162 9429
52 816
127 7593
3759 700
2550 4350
4075 5610
753 8937
5930 8653
5451 8681
2943 2994
2913 8471
5564 653
180 8941
7373 2420
1945 523
1466 3975
1390 316
6073 8466
4985 3158
1782 8067

77 7184 572
1266 385
876 552
3447 460
6737 510
1209 120
3725 60
1351 474
4377 543
7176 430
727 150
3432 415
3126 479
3105 409
1396 547
4041 153
3722 537
5944 44
745 309
3231 521
3890 350
6718 339
750 58
587 513
1227 293
3206 174
6269 92
6957 481
2483 509
1295 466
5145 154
4240 142
4030 516
4713 90
3045 29
5689 525
1950 231
244 526
4217 523
6618 556
2096 128
4751 238
2638 498
874 144
2236 516
3278 528
5088 527
2406 164
7074 202
6749 556
3625 472
1921 398
5754 200
7075 440
7000 350
3250 44
3956 66
1803 80
213 545
5710 124
212 291
6525 156
2601 73
4751 9
6673 511
2895 348
4274 359
5495 6
4577 221
7036 238
3695 520
3165 332
316 412
1251 331
5010 318
1179 268
5272 118
190 389

82 3825 6555
2094 784
2622 3339
1042 3828
2461 1850
2459 2108
2294 2603
1955 2924
2336 6542
3359 5497
332 575
2122 3199
2852 5811
2532 2103
800 2211
783 3067
1780 468
685 1505
3016 1311
2727 4014
124 773
1069 918
2530 4421
1079 5842
2487 5495
1969 3371
3299 2082
3235 6276
1699 3177
3620 2408
1380 1263
580 3240
2990 5710
911 4613
1188 4214
3098 5662
2136 2828
2714 5812
3656 1330
1087 6154
3038 648
3423 489
1902 2863
3023 580
2637 6037
2751 5593
1444 2100
1093 280
3613 634
615 5709
3194 4350
3256 127
3691 255
441 493
213 2747
2550 6169
3175 6199
1063 5475
487 5004
439 4352
3749 6384
2362 6259
3759 3104
3395 5619
15 6106
381 2764
494 6135
761 5490
1501 51
882 594
708 296
675 4145
2439 5643
1321 2145
3128 6549
447 5704
3315 1921
3368 1159
547 4932
1949 1251
2612 1467
1695 1236
2445 5696

94 4898 1764
4259 235
1613 547
82 814
2413 768
4764 1735
1998 1360
1871 731
2516 77
3745 452
2435 1364
3649 1267
4659 406
1034 1538
2938 498
733 1616
30 1361
2480 619
135 1652
2573 38
3700 1508
1048 804
696 986
1664 478
2813 1297
2526 875
177 244
4317 1584
2973 1654
1145 1655
3184 630
418 440
3590 1416
3530 1461
1878 303
1232 288
2155 1009
2625 1108
4725 1071
1640 480
2777 573
4439 396
525 433
243 1397
2578 619
4147 756
4654 1444
2208 1580
2145 1054
2499 1369
1186 169
3831 977
2309 1075
4797 519
4600 394
3548 504
2384 1748
1756 856
1803 428
4855 1135
1936 656
174 442
651 883
2405 1288
1330 152
1355 785
3113 1522
3431 1319
3220 254
712 1154
1195 505
2414 1543
4726 302
3826 237
2794 1370
3265 360
3534 376
3519 144
418 199
2218 409
1455 990
1945 367
583 437
3072 914
1628 809
3229 1688
4032 641
1933 1599
1989 348
1589 1346
3723 1588
794 1298
2338 64
4700 1727
2143 473

40 2698 9739
759 4957
1268 9549
1193 8757
1790 2554
131 7627
605 6258
2346 2429
2506 5110
2643 8647
137 9652
2317 1189
1639 4180
1336 3665
803 1241
950 5669
1400 2491
1258 414
1310 8466
28 2870
777 3615
2665 1085
1656 1129
727 7114
2243 5170
476 2568
759 7551
2395 6923
2004 9076
1318 2798
2423 5019
2473 2103
1124 1151
1825 2402
1331 1764
1994 1292
323 4705
888 1244
2590 2833
1989 430
1598 6449

94 2878 761
801 442
675 268
1424 592
1493 199
324 506
1956 327
774 623
2145 510
1694 705
1673 748
1993 462
18 231
1976 361
1532 322
1437 256
541 384
2478 591
2157 79
1484 47
2807 454
975 359
1595 420
1188 439
2190 118
568 157
1507 329
424 105
875 181
2408 313
1628 252
391 28
2636 548
1764 669
1156 555
2653 636
2537 154
922 25
785 365
1216 636
601 206
2267 9
2593 95
2762 262
2309 267
1825 169
2867 448
1551 739
2327 493
102 504
1260 628
1212 172
2547 431
2168 414
2559 10
2432 482
43 561
1611 545
199 524
145 384
865 726
1763 469
2331 256
2633 56
2818 205
2824 235
145 57
2692 423
2383 104
1244 547
2878 247
104 548
2214 335
320 140
706 5
289 298
2067 2
2496 61
2115 405
561 605
1492 209
1317 436
1983 735
1169 737
1700 414
547 741
2798 498
80 369
711 362
1668 68
1606 143
2102 608
2636 292
560 360
544 56

5 9249 7622
3589 3986
6473 1817
6784 6892
1557 6687
7 3337

25 8224 1071
4087 932
5236 458
5367 117
1032 968
6867 723
6871 682
4547 597
6709 1038
1682 515
5038 755
6628 931
3987 539
7660 1017
7142 497
1682 407
2266 218
4339 409
4106 649
5310 224
1191 800
1192 305
471 544
2983 586
1734 834
7641 918

26 3599 9068
1713 6977
2343 6517
1940 1772
1613 6478
2786 117
2757 1503
2249 6197
2418 1027
706 2382
3473 6536
228 648
3051 176
1600 4993
2223 1104
2766 4057
3111 6660
3312 7183
2203 3117
2360 3537
2379 5164
1053 4045
2463 1575
3526 3380
3255 7666
1555 6568
784 5731

85 4755 7057
3207 6902
1013 674
933 1411
2248 1984
1442 2520
4660 1204
1780 4527
4686 6826
3575 1237
1454 4740
676 3189
1757 2989
3662 1214
3710 6193
4187 4006
3730 5780
1264 3399
36 6945
1962 1883
1247 274
3508 4910
2001 1080
2863 2864
2112 6252
3218 6783
2842 5574
3320 877
4452 6188
1875 2244
3916 5088
393 4214
1596 4716
3797 4851
1798 6947
2386 5931
40 3022
557 3469
3422 3833
2532 1290
769 330
514 1767
38 261
4516 1539
2799 4029
3278 2916
2688 6900
4603 6426
3461 3745
313 1512
4736 3066
3508 2341
2208 1343
2247 1190
1480 4600
1784 4207
3623 1104
542 4911
3198 4756
79 3817
489 6349
15 3663
839 4429
2829 5342
2919 689
4102 5982
4009 2382
637 4299
691 4769
288 4423
1321 3692
2710 4417
101 1076
4315 2246
3953 3893
638 1008
167 2055
1437 6446
3309 4879
3940 579
571 1082
1060 6620
3036 2198
3734 3380
3850 4010
946 663

86 2485 1768
1686 588
706 1301
272 1311
2270 824
716 1742
2053 1027
1769 283
1302 753
18 1551
1430 1495
915 1281
182 332
1472 1101
2116 321
102 1123
1519 1221
557 1086
453 598
2236 730
1581 315
2084 908
323 1366
1590 1586
1312 1184
522 536
523 1697
1141 1764
1640 604
2290 1155
1780 804
1799 591
655 1635
522 1426
350 229
138 1693
1242 1104
1671 1241
2305 403
1830 465
1747 11
1726 1009
1044 117
963 885
2252 228
1978 1171
1662 1078
2221 1225
1474 1299
598 1672
1116 648
2121 710
2038 1161
1196 658
317 1462
405 1331
783 430
304 346
2143 1322
1374 1489
1609 1714
1866 707
399 831
1319 812
2403 150
1670 660
1805 642
1806 1592
2447 209
1476 1656
1537 1541
2193 1107
1677 599
2075 1466
2343 1154
750 374
1378 225
885 1546
822 1613
324 864
667 820
1334 1681
1107 1208
1881 717
1337 752
1355 988
1487 1591

34 3972 8438
3962 3233
3456 4316
2206 2235
684 3766
1155 6590
281 6702
1533 2166
3171 3421
408 3754
136 2321
428 2554
2489 6099
3112 7555
1284 3284
795 2075
2809 6621
3660 2728
210 4927
2638 6163
3787 5184
3921 4067
982 2373
2021 7276
1335 2918
774 4752
365 7624
2668 4685
3546 783
1530 2716
3821 2023
116 7643
1077 7541
3747 2353
1841 2433

30 3910 770
3728 339
474 589
5 551
2081 187
374 537
796 451
2227 155
1209 763
22 385
925 469
3098 727
2838 76
1846 692
245 127
2101 371
3220 532
1090 649
1427 279
3884 233
2278 553
111 112
484 496
3136 112
2062 537
2422 115
1891 769
1791 588
342 354
514 664
517 616

85 5056 803
3847 139
884 565
2031 365
3061 648
3439 748
993 784
4719 393
2890 198
1947 469
3200 430
2247 487
4714 473
757 26
1733 79
2858 723
2522 392
2278 596
4973 651
2478 708
3427 459
340 356
4511 17
342 748
984 75
3369 788
312 779
440 309
4431 304
493 12
1158 264
3884 646
642 509
2632 605
1636 478
3026 285
4963 210
3781 28
2769 148
3712 26
2161 337
4405 136
2615 642
1082 322
2321 332
3132 283
2844 217
3181 408
4149 399
3091 554
4789 261
1947 219
58 745
4387 255
3446 43
1946 32
3026 449
712 424
4004 342
1203 140
2342 78
5028 320
1006 341
3469 182
502 369
4398 743
358 159
774 286
3957 312
1592 466
767 552
1419 674
2714 444
1909 768
89 721
3830 522
4248 377
2486 667
2850 632
3386 315
3248 30
4773 394
3924 664
3019 634
3443 153
3700 655

48 5282 1678
4620 591
1711 1566
3008 1485
4619 1180
2768 295
4457 693
3117 1081
5099 1230
37 1316
2450 546
5216 1539
3061 1197
1570 865
3145 1049
5205 493
4129 1327
4534 863
2649 145
4411 1329
1842 611
1410 1009
4825 373
3312 1112
784 1073
1936 531
1977 643
3493 977
32 745
1882 1507
845 1056
1242 750
2866 115
574 976
4788 1500
1908 1408
3138 960
1286 280
571 313
2572 50
59 1119
4906 793
2197 52
883 96
3555 559
320 1448
3670 381
4487 1543
4281 582

72 3405 1565
3111 740
901 660
996 1138
1374 1460
153 1482
582 549
404 1528
2062 524
3009 792
2182 532
1880 244
148 657
1480 1045
2795 1244
3104 41
2938 75
2546 548
650 828
1012 484
384 1476
1286 83
185 873
2858 700
1631 362
273 1195
725 1126
3034 1487
27 707
1455 130
2108 998
1728 302
1697 623
1013 454
373 831
3355 582
847 220
1212 1561
954 873
348 1208
2455 471
713 332
2001 444
697 460
2310 1174
264 953
615 1048
1760 154
2056 134
1956 220
2376 1238
2414 889
3253 152
2370 248
2629 793
1477 1527
2329 736
3316 1224
1659 1002
1579 1161
437 748
67 581
1222 1372
2471 1467
3192 929
2780 971
1665 812
3362 458
1660 593
2159 1003
1282 777
3334 22
742 1565

72 1264 6210
268 3807
520 1161
292 1014
703 1067
51 5966
747 611
592 4647
1080 5151
754 2405
24 3261
178 4558
1186 2505
1185 2020
193 2425
154 3683
1130 4374
923 253
1149 5622
1070 176
344 1742
745 5762
1243 1061
878 3506
630 1011
529 5805
1028 753
51 4376
255 3302
216 265
878 714
1252 5907
869 4520
193 260
960 4673
511 2090
919 3016
215 1450
1149 831
1164 789
779 4976
1209 599
37 234
288 5993
1221 3975
526 1190
261 2145
1259 2937
707 3120
636 2105
94 6169
14 1578
742 367
761 6101
495 4019
269 5092
844 4146
522 6170
163 5542
1086 5077
715 110
1222 4237
1246 3972
831 4385
818 2548
207 85
559 5976
954 5161
400 2774
110 3116
754 4260
242 3336
201 5837

26 2435 1247
542 1086
968 6
1768 205
881 256
687 822
1338 301
40 8
2241 258
1198 206
2284 1114
1672 1019
685 26
292 436
1269 1197
525 806
1108 1154
1041 291
1496 460
87 404
1256 399
1112 321
2100 774
1934 1154
2226 62
2176 900
923 294

26 76 2901
9 2123
25 2878
74 89
57 1350
8 2375
18 1277
36 324
68 2582
72 2177
20 959
11 1795
12 1560
30 2765
36 724
11 2845
48 1206
10 1812
76 1726
33 2655
9 1890
76 2160
26 2057
32 1497
11 1765
55 727
33 29

31 346 4845
69 189
258 3454
325 4840
63 138
253 2563
225 2047
49 258
171 4269
168 11
278 225
59 2190
92 3986
49 4283
107 2530
176 3767
123 3269
17 2088
183 2678
27 1885
250 564
215 49
288 284
211 3946
94 3238
166 3892
155 688
123 1904
12 4717
44 1173
157 501
329 2447

34 2269 7816
2144 3348
1011 7029
1988 4811
198 3085
617 2797
2011 1260
761 1702
491 3957
2235 1645
852 7764
986 3500
203 6774
396 7219
936 4209
1285 6749
1655 1414
1932 5844
1197 3504
1057 5163
1065 3731
846 4062
914 4313
1935 2562
1272 2521
1510 3450
170 6518
1002 1657
904 4841
553 1782
1622 3522
183 7699
1451 5064
1534 5574
23 1673

89 6141 8195
1318 1273
5266 712
4332 399
431 5533
3167 2272
147 4340
2745 3964
4824 5684
1489 3839
3476 1406
5495 6153
1368 2912
2938 1394
1897 3233
3669 1821
29 2905
136 4104
955 4641
4922 2073
3208 627
922 6308
5219 5816
4119 3028
2638 7376
5932 515
4840 7244
3816 3082
5602 5090
5332 7531
3039 805
630 577
5720 780
5483 691
360 936
2279 7477
5557 503
4138 4385
1892 1209
937 7764
1948 383
2667 1808
1417 86
5722 7705
2347 6625
4043 5565
2749 6704
544 6586
1112 4744
3483 4939
2336 7543
4684 7465
1706 2798
2088 5590
1249 3218
389 2946
5476 4758
551 6040
5174 2773
341 3182
4740 3869
1780 6153
5767 1109
5657 4970
4707 2032
5219 4975
4378 3733
4026 1213
1569 2250
5096 2133
1222 6666
6008 2465
5969 6793
5144 1036
3854 8179
2941 2517
1478 3468
292 8103
2575 6722
592 894
4476 3638
2443 1899
5689 1112
670 3279
5887 5746
345 7201
6062 125
263 493
547 2052
2418 561

56 1742 6767
32 5062
153 5123
776 2807
777 1034
1517 2912
319 839
478 574
1459 4212
908 3454
1622 6226
235 4212
203 515
1042 3040
203 1967
962 1875
1680 5153
265 2094
1069 2066
555 753
1709 1147
294 3804
503 3205
722 4585
1410 2575
184 4925
349 3358
455 953
115 6495
1508 4162
1205 2106
708 3444
119 6418
1298 4044
1435 6056
987 1374
1552 2970
818 5444
1372 495
63 2926
610 3673
893 2280
995 6226
1470 4167
938 1944
510 2080
920 3512
745 3752
1007 656
1295 6194
1667 4358
284 1819
1440 4635
523 2491
1520 563
1712 4345
1465 5728

10 528 1517
359 249
367 340
395 1456
99 1464
170 758
390 906
170 415
519 673
293 1290
16 987

69 2152 1732
808 1451
574 1218
1396 630
1222 583
91 1138
84 397
396 689
2042 1278
1549 1286
1288 1631
306 752
1963 546
43 874
932 1694
1608 156
1646 697
34 853
406 1206
2023 943
1545 1502
1600 446
1544 679
1659 1592
606 638
910 527
1226 50
1405 574
130 563
437 786
193 1
1209 1017
458 864
622 1084
1401 1166
1779 1621
652 455
405 1709
581 893
2002 1688
1654 54
527 1165
929 812
659 1355
613 992
729 1362
802 1632
703 739
727 781
1588 487
1145 728
1049 1004
2072 635
2013 1362
940 1524
1812 1218
907 1394
614 87
2037 1156
1754 159
158 1353
420 1596
1352 452
468 993
998 836
1096 1534
1346 852
1230 982
2043 1031
754 892

52 8539 8524
2023 7460
5878 3767
384 965
384 835
3229 7877
5272 3816
7154 1647
592 2495
6007 3276
4641 4302
6560 7771
7174 1665
223 5736
1976 8404
1829 5936
1286 3797
6967 4014
5095 2217
5140 1125
5320 5198
5092 3062
764 3348
586 8401
6507 4124
302 5627
5541 5375
5347 1798
7160 2193
8016 6289
5687 866
1539 3435
4418 5603
3303 2313
7400 4411
6657 5570
1813 1348
7183 405
229 7294
8422 5159
1856 675
1848 3470
7868 3738
8018 3403
5946 6793
660 3179
8186 1260
7998 4870
3030 3502
5572 1580
6408 7856
5837 1937
3029 895

14 39 3346
20 155
16 325
0 132
11 2319
10 2433
18 1054
26 1295
16 1205
13 2774
26 3024
12 1410
27 328
39 1315
39 942

34 8995 6304
3648 4802
242 533
7837 3254
6811 5499
1490 6031
4155 5614
2044 5487
8809 6141
2823 1053
6029 2527
7631 5977
4985 6041
1644 2470
2165 1863
6209 933
3266 195
3286 5475
4041 469
1168 4407
7151 5
2172 807
6616 3707
212 611
3123 2704
7217 5448
4496 2205
6491 4023
2109 5713
3733 4640
7460 1509
4935 3993
8476 4322
5878 427
452 3200

61 2246 5952
413 2422
2157 5126
686 2412
3 4608
503 950
2076 1137
807 2733
183 5300
740 978
1191 4048
1437 5561
1887 3582
439 5088
1138 5014
362 5863
1171 2461
2046 3383
1231 5922
1920 5115
561 2289
1865 2642
2035 1281
19 1426
1712 1696
2041 1786
1020 461
2109 5915
2093 5713
107 3463
991 4430
1971 2789
1634 3500
789 2314
1801 355
266 1902
2058 210
1735 3590
1308 5279
1579 5482
2225 3254
1523 262
1246 1970
712 5036
2243 5096
442 4991
1158 844
2217 5355
814 3534
419 3934
1590 2668
2135 1970
2047 5555
579 3939
147 3841
2098 4777
1391 5020
1448 3913
1476 4493
808 5798
938 1362
754 5565

80 9061 3625
6636 2432
1885 3441
4963 3368
1158 1996
2995 332
4564 2356
8427 262
8290 1935
8291 1533
1664 2636
1376 1580
7309 2367
8562 1345
911 202
5164 627
299 53
3106 2466
6475 2341
4096 1899
4611 2856
5090 2595
3709 1737
7995 899
9032 3347
7281 2442
8399 1460
5997 3072
5718 2603
7922 2625
2441 2113
6375 2428
4277 1315
958 2473
2608 3040
2381 280
8362 729
1709 1588
870 949
6210 3448
8470 3512
3210 2001
5387 2663
4516 513
3480 2885
888 3556
5903 1196
49 3574
3057 1456
7286 2458
7403 2804
8343 546
3012 1254
5867 103
8455 118
3389 1904
5617 2564
3261 3217
1718 1896
7136 1663
4254 770
2335 1858
1009 2833
3786 2818
3680 493
5838 800
7368 547
3277 3517
2106 1401
7853 463
6611 1054
6573 658
3911 3305
3552 2941
8432 976
3681 1789
7266 276
5425 2918
1859 993
5228 269
8317 3159

27 5203 3223
722 1166
5083 2789
4390 1187
2140 2298
1376 1563
1127 2386
1984 2051
591 1251
1246 2546
3482 1701
2556 2490
2090 1760
3434 171
1131 621
831 2422
3496 1787
1282 1908
5062 2835
721 2241
4609 357
413 2908
4033 1066
4082 1552
4509 2817
1760 2516
3338 2434
4140 2640

90 6294 3562
1871 2896
3114 2078
3891 1246
3342 704
288 239
5967 1232
4158 1410
4051 1539
648 2996
1440 299
4098 316
3146 2555
580 1552
3053 1664
2988 1082
3781 519
4386 2967
3697 2525
3377 1079
3914 1542
5832 2189
225 250
2396 1949
901 170
5193 3396
3931 792
5715 2421
4179 697
2936 442
3858 267
4060 1676
2597 309
4289 2630
6130 837
4411 1814
4599 3361
4418 2527
1320 1419
3057 508
2667 1422
4136 1250
6277 1320
3918 2416
770 2528
185 2798
5137 2485
3149 1278
5641 295
2010 1588
475 176
5863 596
2268 1190
3454 2529
1353 1793
4246 1114
4982 625
6061 3255
3038 592
3448 3379
3124 565
4318 550
1670 1052
2770 2987
5641 2158
3187 3034
2632 899
1002 1076
5455 3347
4670 1515
2599 1226
5949 2921
635 2658
3794 2944
1631 3450
324 2824
4480 1199
5230 1300
1305 2699
4555 3527
3848 2615
5976 2594
3969 3354
4796 525
590 1732
3074 2266
685 3532
1020 536
3257 1466
4670 1108
4808 2688

85 3202 4440
1326 672
2713 2896
2785 1415
3126 3385
1313 3617
2916 1163
2735 4280
397 2573
3017 62
533 267
1741 3223
762 140
1314 2523
2188 341
1134 2349
558 3618
1597 3543
971 1434
2278 3194
268 4206
1214 2075
8 3488
1701 2987
2718 3120
2690 3622
384 3872
1276 2509
477 3314
462 2056
1828 3526
2227 2812
1191 2507
1295 850
1547 4152
2084 3402
603 2441
2545 2368
1450 2135
8 3737
3045 3017
1594 1133
1809 990
3084 2106
762 1606
1494 4116
2461 3555
1193 2659
2357 3204
2883 873
2414 2609
702 1111
3175 4049
2309 453
249 492
2037 1681
2152 2090
2998 2538
2513 4345
2346 1918
1743 3980
285 1058
2468 1591
74 2733
1796 2114
2819 1235
2610 1713
620 3172
2874 3760
2435 730
1740 775
275 660
1456 3710
89 3655
124 3749
1746 3536
2450 2267
231 1432
1482 4323
262 3292
662 661
142 3417
674 3763
2023 3663
2592 3252
1774 1033

72 3830 8819
218 2607
1692 1423
148 6044
3154 1245
342 8570
1281 6066
2348 710
1414 989
3489 6766
2099 806
1726 3615
253 2879
3065 8328
996 2444
866 6266
3384 7171
3231 2120
2615 2884
3256 6972
2748 415
1437 190
305 7556
551 6964
2580 1910
1165 667
27 3073
1185 4735
3517 4325
1531 2819
549 683
496 4438
323 8637
3460 68
1761 7678
2782 1475
1802 7251
954 6030
1895 2997
3252 7503
2675 1889
2705 2655
855 190
3409 3391
771 1542
2156 4582
3695 5979
2200 7465
91 6249
2383 7141
3268 6130
1498 5831
3015 7671
3438 5195
1954 1271
1392 1768
3382 2635
2168 200
594 3318
7 2745
2709 1241
3041 4734
3342 1163
2025 5682
3536 5502
3332 4984
78 1390
1827 7993
1350 861
3034 3116
897 8368
433 111
1457 2447

48 2875 424
410 61
469 124
540 319
528 407
462 105
1087 131
859 340
2720 411
2263 242
2617 273
846 123
577 408
1452 329
2760 417
2581 68
2683 27
1853 70
1457 106
2371 408
436 321
2438 339
2480 183
201 50
730 278
1512 68
694 318
1985 343
85 262
999 228
779 410
220 269
2759 138
586 327
2636 30
1954 195
547 154
1484 144
1340 6
2054 192
249 74
1704 102
204 323
230 308
978 292
2847 73
427 424
1041 220
2721 203

80 188 6312
139 3896
8 2035
54 4417
83 3375
168 4710
91 2240
45 2532
133 3309
90 3295
169 790
18 4719
179 2906
3 2295
184 2244
81 1755
7 5849
60 3276
156 94
103 4639
128 6186
26 660
121 688
112 5160
99 5368
129 5358
14 1686
91 5011
99 377
66 4284
51 841
64 140
109 117
133 4115
64 2172
92 1973
112 5898
137 1425
132 5567
80 3668
11 410
121 619
73 2189
115 2630
22 4709
46 35
166 1961
58 1812
141 3856
1 3375
114 4834
92 6256
126 3633
34 315
148 4279
1 3167
183 5734
65 1307
120 5193
109 3652
36 1645
149 2957
106 57
118 3975
175 2508
123 359
157 1682
1 2200
63 1253
51 3846
32 1033
145 1572
114 5355
149 4803
154 3329
23 5199
181 850
39 1217
111 4748
37 6238
18 1100

32 8801 4476
4991 4125
1931 2131
8736 3634
5798 268
5013 2211
4748 2159
7925 2601
2226 3686
122 2850
2255 4048
1031 3855
8456 951
4838 4426
6277 3331
5562 1579
786 4151
1824 4335
1716 2052
5895 3771
1095 3033
4309 2817
3638 28
8454 3606
3077 1750
3234 4410
2089 561
1216 4095
5570 3774
2128 2973
4596 1790
4396 3471
6964 114

39 790 7454
59 6500
310 413
468 1005
205 4366
228 4399
393 5019
410 5432
606 3772
283 4420
299 2372
753 6012
785 4056
568 1570
366 3134
721 1080
350 732
716 7204
220 4265
101 7063
50 1839
480 6153
205 6833
62 5011
138 4075
776 2300
463 2266
189 7270
19 3713
10 282
429 3509
248 5199
262 3889
412 4956
57 6802
698 2122
587 7249
289 808
305 3720
88 2786

19 1676 3740
1587 402
1605 1139
1116 150
786 3521
1291 2059
1206 524
1571 752
1458 694
876 501
1362 1375
553 1884
1674 261
1025 679
633 342
44 2296
205 29
950 1860
1575 3503
1643 2757

12 8673 8038
3265 3768
4424 1708
5626 862
4476 2234
6477 5370
2764 4042
2749 3268
6593 4441
1654 1417
5394 5207
5868 2959
8604 2804

100 7666 8042
5465 7321
3455 1830
5039 2431
81 5809
3374 2452
530 6808
869 3062
7344 1930
3232 3774
2241 375
5619 3916
277 5376
1396 5320
6596 3952
3189 4518
3696 1337
221 3511
3552 1640
5863 5378
3895 1789
3314 6541
4429 1489
3248 1892
1136 3599
3015 2547
367 2550
2851 7829
7224 540
53 4606
3806 7913
6534 1838
3488 3368
6041 6238
5112 4505
5556 4994
512 6042
226 3514
3605 1095
1846 404
2410 2119
4262 6628
3434 3410
5698 1104
6466 6579
6861 7227
746 2350
7014 781
6177 5380
6576 2415
3263 7275
2881 2922
2646 7755
1814 3966
3756 7128
1659 4061
3845 3953
5662 5576
850 1689
3071 698
4746 840
6892 4740
3521 2775
5980 4068
518 7342
3304 6033
103 6391
7421 1694
5723 3678
3819 3914
3314 7929
2810 4951
3973 7209
1110 579
2709 6730
5483 428
2743 4033
3362 5939
1142 2856
4778 3048
2577 393
468 3211
6937 6556
4044 5866
3348 8004
6527 3545
5131 1219
7489 6403
2421 1275
6114 5581
4301 7140
1612 5701
4966 4549
2000 6608
3854 3143
5151 2062
2901 5144
87 1702
6776 3807
4433 7419
7022 3818

48 9768 4359
2853 820
9413 2927
6511 2633
2366 1581
6 3799
8107 369
9211 3689
816 3772
6605 4156
7964 100
5159 3507
2200 2195
344 3895
8380 2170
7987 2479
9279 419
3139 2317
3775 2562
5593 1789
7921 2768
6276 798
3012 1672
5010 4350
7353 22
5636 3387
2159 2934
5340 501
5601 649
3196 1487
8779 1388
2848 3207
2951 93
8980 1934
694 1727
1420 3324
6454 1925
4504 2769
3244 1807
5264 4064
8148 0
5603 3585
7668 1295
8851 1918
1118 3515
8177 3971
428 334
8476 3761
3039 459

31 4212 2328
2587 783
2651 309
1006 87
5 929
830 910
1592 854
595 702
3495 301
2288 285
2073 735
2601 1255
253 1591
1712 1739
3663 571
4021 817
3464 1859
906 1514
2825 2244
2725 2275
438 1361
906 1613
2815 1595
1780 889
1377 619
506 1129
285 145
821 1765
2892 2206
1809 467
2561 20
3749 1207

27 498 7160
414 1129
46 6090
148 3908
24 3247
487 2865
496 2999
120 6062
371 4017
194 791
461 2941
309 3053
24 6459
77 6192
78 2469
188 5217
87 233
369 1842
336 5109
152 4357
20 2314
123 5323
179 5037
318 2212
323 1693
184 4444
157 5890
254 4912

34 1038 2894
314 2501
951 1059
989 287
134 370
1015 989
180 211
879 30
822 1721
573 117
795 895
974 514
582 1203
119 1006
77 597
281 2542
297 2608
162 722
193 2571
519 1239
261 423
925 967
502 2233
995 1515
569 121
394 1624
1002 907
200 2547
626 102
725 2465
539 1999
332 506
904 53
647 2692
621 2574

54 5213 9987
4642 2710
4494 9198
4309 3013
5196 141
2895 9411
3812 1857
4738 407
1483 5969
1238 4310
3215 8248
1066 4153
4289 9088
403 6086
5170 5402
3790 2159
4432 7508
5147 2914
4143 7391
3000 589
2208 1112
379 5325
541 1668
4308 7864
1297 8055
3703 2594
837 1877
1770 2947
1736 4032
2795 3888
4573 9043
324 2348
3996 8596
2367 8460
2130 26
585 7323
3550 9472
3988 8597
5145 6604
917 2462
966 3581
3422 3606
1829 1923
1986 9121
806 2970
4004 8424
5106 3066
3122 4149
1503 106
5106 6146
2673 1945
3414 9829
614 6735
3591 3100
1273 5507

37 9415 1261
7748 1094
6556 687
7517 921
8964 92
5244 842
6730 308
6887 201
1787 810
6139 780
1374 183
5791 978
3892 788
4969 561
8440 1208
7775 202
4206 305
7734 608
7668 991
7282 1163
2802 203
31 188
1912 238
4100 22
7414 838
5622 160
1922 46
8619 328
8405 332
742 1206
1771 518
669 295
7860 559
2759 257
4078 836
2197 465
123 1253
2706 819

85 7728 3115
6342 2719
6191 677
2898 1496
6613 2835
5643 926
4966 1229
185 2467
293 2131
1943 2533
6728 730
2 507
5855 2409
5224 1514
386 883
3625 2733
2246 655
1899 973
4220 898
298 2291
5660 2160
3266 524
6822 1071
4845 2890
5623 2043
2046 2488
6413 1806
4674 2316
5756 39
3188 2675
6920 1427
1297 1622
4825 2275
5092 2949
1924 2052
3023 1848
2567 1418
2139 1591
22 2010
6130 2891
6699 1509
458 1131
3340 2612
3298 2855
2663 632
4691 509
4022 2199
7586 3018
6199 2579
1917 2147
4533 397
102 590
5450 332
641 295
1399 2550
6800 101
750 1210
303 2235
1195 1963
4167 2573
2839 906
6861 831
5122 1785
3595 2190
3632 2784
4434 168
2754 42
244 2851
5468 228
4243 2977
347 3054
6031 2117
4524 2875
1901 106
5762 367
2706 2063
1587 800
4043 1916
3026 208
49 1811
2845 2816
3760 2213
6462 2598
6988 2003
4545 259
6387 1094

55 778 8440
200 1405
617 6621
147 3061
399 1085
212 2661
460 6078
318 5906
260 2946
723 2807
219 2269
547 4258
148 5010
42 7178
523 7361
748 123
68 6545
83 2283
72 5230
277 2092
202 711
758 56
188 1981
771 7896
558 3668
745 7273
77 6326
516 6438
232 2875
387 1693
291 3281
341 6470
569 8056
717 6168
616 2468
34 6379
706 2944
670 7575
139 5565
307 6767
36 4696
220 7442
186 7954
219 7879
69 3793
169 6968
298 3233
168 448
440 3941
260 7726
246 1976
515 5076
579 2503
718 2430
440 7017
617 2426

17 1543 5611
709 5300
12 3621
77 3335
1301 3328
1416 265
758 238
1427 594
919 3125
425 4876
557 4060
935 2718
1457 1770
1096 4721
142 2694
1434 4472
186 1720
876 1717

41 8477 4242
7813 3430
2865 3869
5768 565
2133 1360
7140 24
6001 652
8293 2952
94 2069
2153 3417
8320 3972
3834 899
3960 4057
4461 2298
1999 3342
1320 2960
5136 3945
369 4139
2580 1813
6244 1547
747 1985
2920 4146
2645 3663
3178 2939
4404 2892
2506 4231
5828 4137
6581 2426
2309 2084
4373 3612
6222 2076
5252 3749
6798 1966
7528 483
5958 3502
2725 2835
810 79
5614 3885
2244 3575
8436 284
5332 2962
5750 1305

69 3955 8999
495 2521
1542 8840
2222 8375
820 5569
3088 8093
3611 6492
2197 5367
1924 2533
1217 6818
1753 1183
3394 6838
3179 4118
2627 8992
3271 8811
3208 6596
3122 4550
1029 5954
1719 4017
701 2893
1484 1884
1672 2418
924 1615
3866 4044
3833 4796
1147 1357
325 4197
994 3053
1179 1728
3070 5472
541 5196
1030 1021
245 7703
1604 5559
2978 4956
1743 1533
1139 4425
551 6353
940 2401
2439 181
3204 1153
3260 5973
2232 5707
1659 2265
2020 6929
1138 703
1395 8407
1648 8298
1500 1288
3674 723
1278 4698
253 6060
581 6574
132 5001
1461 1601
1842 8103
3660 1890
284 3327
199 891
958 3469
2481 1866
1978 7743
2835 1016
1117 2237
1669 1398
1832 1379
2671 7783
624 1394
2323 4133
1758 2622

70 6559 7931
3633 5779
3674 1056
3637 5071
3063 260
1775 4670
6544 875
2135 4405
181 3355
1951 28
284 3179
5055 1825
764 3959
3351 3443
2302 2689
2657 3132
2972 4975
5707 7501
523 7078
1751 5730
6118 4995
1438 1224
4009 6388
3343 2888
4205 7122
2303 1609
4579 1761
917 4442
3016 1687
3480 3356
4310 2708
6085 744
5502 7576
2874 2640
6504 7695
2941 4521
2585 437
4721 6206
5179 4716
6113 2508
1149 6862
2523 1361
4589 1383
1803 7193
4870 5902
2134 7834
118 318
6257 2821
711 5751
287 537
5857 4478
2170 4595
3470 6640
2123 6002
1158 5068
4786 386
2188 1205
1412 2710
1849 7782
890 3886
3074 1276
1352 7551
3617 1876
2707 4414
606 4490
4018 6693
637 4296
5844 7241
6153 7114
5733 7738
878 1141

38 9423 9598
7766 8259
4826 7850
9040 2681
5009 8503
1148 6227
6479 5365
8470 904
4415 6352
5414 4107
4099 1778
2787 535
1053 715
1835 2638
9279 7670
4550 7423
4896 7451
3141 3785
2329 1897
6492 2082
2869 9023
2927 7503
9042 3510
3295 4642
4262 3607
1163 344
719 5867
214 2580
5706 6769
7739 6956
174 2938
345 1123
1408 5973
8846 5027
4950 728
3985 2408
5495 2044
8111 7263
4680 8372

84 2717 1558
255 549
1245 1175
1081 256
1274 343
1021 529
662 655
2675 758
1689 1045
401 1388
753 347
1482 310
2715 69
649 410
1529 1102
2163 1152
1167 1555
488 1216
2681 888
917 1303
564 303
2 12
316 493
201 1188
137 43
1115 42
400 1292
1556 412
2610 1497
110 1112
1452 274
2131 1338
1186 357
1225 904
259 1378
1929 1550
2351 175
405 851
1892 1521
1786 809
2021 188
77 718
1274 994
1201 320
1827 1400
2147 908
106 955
469 611
1859 1182
1072 1394
1934 352
1035 1142
2173 810
445 882
222 293
1652 174
362 766
426 1023
2155 150
301 654
1388 1118
1744 805
1596 465
2000 831
1870 1200
1165 835
1401 1344
1847 1185
1589 717
814 53
316 1075
2188 1476
1374 1159
1184 1216
2100 1072
2231 812
2022 1516
526 855
1825 313
177 759
357 817
1249 132
1976 981
2384 1151
1298 629

26 6865 6733
399 3814
1458 3123
1568 6070
4695 354
4559 2205
1627 6258
5868 5915
5691 3142
3842 1680
6600 1055
3409 1076
6791 1473
2000 928
1560 2639
6593 2817
3089 1932
3933 5974
343 3465
3695 6708
1657 2368
4731 2575
5345 6637
6705 1921
6282 382
68 5811
5920 2601

77 9663 8725
4350 3965
5056 8022
2286 6988
1395 4740
3719 3056
4843 5040
4257 3405
5942 1524
6658 4930
593 4209
515 4782
8319 7009
8402 7880
955 930
8994 2022
1143 2005
1974 7986
6247 2940
400 7520
3019 1468
4095 6099
1439 5572
1958 4552
3555 1749
2953 4934
4307 995
264 1922
5426 2501
6584 647
2079 145
9544 6178
1949 8301
3975 3918
6406 6218
4218 129
9143 4763
6788 4872
7136 1652
4431 1990
9392 1445
1637 5727
9185 924
7226 7300
7828 5153
4390 7980
6354 5169
2003 5308
6747 2508
5899 3916
2950 7765
9497 4083
3234 4390
4980 3818
9618 5281
8818 6092
6736 1612
1893 3677
8057 7117
4280 6889
7550 7298
2448 7351
6995 5241
2696 6254
944 1128
8546 5756
2649 8689
8796 287
5529 1837
3485 1695
6038 6625
9465 960
2119 6017
6340 4291
4457 8236
9627 7736
8170 4368
9444 2562

98 2540 3380
2514 1697
2496 777
1475 2643
1956 754
1554 2524
1432 2060
1226 2052
2229 1043
751 431
2293 1375
768 1092
2025 413
834 366
742 73
32 283
174 414
877 708
2253 3196
817 1912
1014 1917
1945 2973
938 1895
265 259
336 2038
1477 2902
1488 2249
639 1668
1842 1007
428 2357
449 2398
1885 2772
1728 850
718 625
1412 2777
326 1801
1102 825
1362 1670
530 2721
487 965
1862 49
319 291
42 2512
617 2007
1231 1066
1854 328
1030 1570
219 2639
2122 1801
1917 1542
1929 1838
1686 2345
652 1018
905 879
451 156
737 277
163 2482
716 202
1337 1858
696 268
2201 2989
1250 2574
2076 1904
784 1591
201 1053
221 1984
2298 2997
2196 2101
1860 3356
648 345
2393 2883
1616 2970
265 2979
1524 984
763 2478
1140 2564
536 1868
2478 2961
791 2556
841 3192
325 3304
930 851
2531 3262
1466 483
2438 503
1020 117
1094 150
846 2604
1776 2308
1243 1687
2275 1512
237 2877
2160 1446
1473 770
905 188
1552 1684
2461 2319
127 1788
1161 844

13 9035 8735
2856 2278
8772 7889
3950 457
289 2226
8113 3806
1063 2621
941 5598
6194 531
3358 7009
7709 1717
3482 928
3064 6435
7577 5528

0 5645 2342

92 5919 8630
3526 4348
4931 624
3645 7493
5351 7741
1999 8012
2478 3424
3380 3742
1642 8249
4125 8113
733 4365
322 1508
2267 3413
2198 5733
4544 5376
3139 1265
2472 6022
358 8600
1813 7895
2078 1209
4354 3000
5244 1883
2076 5597
3345 2448
1627 3946
4470 5195
3021 8550
4418 5588
2612 4614
1645 935
3637 3922
3439 5906
5913 7971
1219 4336
1132 1453
506 2783
3207 875
143 5338
148 66
1575 8287
5805 4295
3055 5346
4905 7415
4296 2632
5594 4828
914 4229
4312 6017
5804 6962
2647 4939
3318 4812
3002 6582
214 7857
2228 4270
5087 6949
4961 7727
2954 8099
4089 6520
1000 8042
4596 4469
4367 5470
571 884
1589 1189
412 6924
4701 7660
1592 3265
2561 745
2717 5813
4929 159
1289 4773
319 1123
3317 2683
2766 8535
4483 4426
3811 4542
3705 5794
2995 169
1272 6386
15 5091
5127 5331
3247 8055
4765 1353
4981 6450
3434 936
1151 4365
341 2783
3826 421
1917 7770
1112 2589
647 2361
4100 7836
1766 6181
2945 4619
2395 362

15 1837 3900
1153 3321
166 2218
1083 1624
521 2141
955 1787
888 1141
1460 853
1670 3712
144 1359
570 3237
349 548
1226 3835
1729 1839
369 1661
1470 853

71 8743 2644
2534 768
8719 448
8071 1062
4795 1097
2940 2262
3766 845
2714 310
8228 2407
5899 520
5272 1924
2522 607
8195 2629
1244 2292
1303 2011
1836 1230
323 1558
5067 2065
2695 558
1860 1904
8125 537
6768 2604
2206 2072
6763 413
6314 916
8116 1243
821 2013
2847 1997
1697 2154
5659 426
6539 1284
8069 1904
3862 1821
6463 83
5386 2290
7513 1379
854 1323
2996 1739
4106 2291
1600 971
1947 1062
4766 2541
4209 252
6822 758
4324 577
427 2089
1995 766
7299 1942
7896 2040
872 212
3131 1806
1092 1137
6071 2427
7787 1356
976 2535
7839 581
3560 2468
6042 73
364 423
4217 1382
1372 2332
1295 1315
1578 2498
112 2458
6249 1094
6354 1436
4554 833
7140 589
691 236
8056 1333
8030 883
8069 1661

36 5215 8146
4234 2246
950 7655
3706 6150
744 1562
775 6274
3919 2795
2739 5945
485 7092
2938 5377
4113 4710
4785 3788
3974 6402
3807 375
5196 5878
1125 7928
582 6126
305 2142
3387 7497
4315 2516
2490 4490
1613 268
2790 3830
5039 2971
1546 3952
4292 4495
4499 3004
3633 3503
4157 6104
287 5136
3171 4905
2863 2704
277 4406
2750 5424
3288 1049
2793 5929
597 6254

49 8939 4115
5955 1947
6947 3436
8413 1100
3860 3758
6926 4074
2988 3241
6894 2399
8410 619
1078 1762
4804 1269
4598 954
725 1789
3365 260
3516 3716
1207 1359
6854 1206
4379 1716
6104 1397
8257 3031
8098 2170
2224 1991
4839 3779
6943 2752
600 3780
8298 2774
2507 908
7528 804
2549 3035
4237 2913
2123 2064
8489 918
3762 2031
6427 834
4571 2372
1350 4098
5689 2024
5551 744
2587 2662
2460 871
7282 2399
3979 1463
4079 3075
7450 2889
5884 2467
2500 202
293 927
4453 3319
8387 1207
8356 2983

26 3285 4941
993 1171
1072 2977
2220 1900
301 4070
2730 4506
3214 1124
1928 2933
831 2424
2033 3847
261 3516
1191 3026
1142 4670
2619 2430
805 859
80 1215
2303 3124
2936 1582
1198 4017
2539 4847
1525 1736
2262 4844
283 2943
269 1147
330 1789
2319 1835
2874 1304

74 721 1875
45 1049
97 1710
135 835
67 583
45 1790
554 1808
421 1292
634 454
613 663
563 335
632 1008
557 330
415 1403
249 1432
143 1214
329 1775
554 1157
334 546
194 1393
465 1712
607 950
73 696
720 8
668 799
292 885
488 97
637 1019
299 1788
708 651
218 1734
695 1171
114 290
692 189
501 479
525 277
132 1738
14 425
533 237
181 49
282 197
199 1636
177 592
638 1452
716 1728
234 838
48 883
417 1194
575 1846
15 141
540 294
360 809
352 1216
662 1864
346 959
233 1249
673 1824
616 748
269 882
259 1149
608 1482
434 1295
57 802
116 352
538 921
693 75
694 908
105 1327
595 1454
527 645
164 558
661 823
133 601
281 543
143 1641

67 6984 5956
1087 3162
4132 2487
6662 5763
5815 4410
2751 1558
1677 1464
1599 3706
651 1920
4240 815
2766 5567
3014 3485
5739 4965
1351 1465
3224 4347
979 5537
158 5070
3548 4105
3127 2902
1552 2907
1099 3715
1532 2282
4069 4697
3463 1796
4892 4518
2612 3676
1885 4585
1677 4649
2625 2158
337 1128
2775 2525
80 2964
2226 5666
2725 5873
106 5863
4494 5929
3014 5574
5669 4229
996 1293
3092 1098
2556 720
2190 1719
909 2106
710 5919
121 3539
4224 4090
4241 4918
5467 5097
1477 1771
5565 3424
2246 357
285 4880
6681 1270
217 3941
6683 2854
6493 5385
1409 4485
3100 1609
1833 5660
4721 2392
219 1665
305 5268
4182 1560
1534 895
1563 3307
3748 1909
2816 222
2180 603

68 8558 250
2857 170
7497 114
2371 73
6866 245
2070 53
8291 93
1326 18
7914 160
1758 105
1502 54
7903 14
5677 83
8288 183
2083 227
5525 243
5605 54
5349 104
7815 36
5313 20
7203 17
7572 246
4876 202
317 72
2820 64
1794 42
8253 219
3790 229
6784 94
7288 1
3570 239
0 160
2149 34
8275 210
3860 143
234 133
451 121
3081 223
2030 2
2807 12
5991 107
890 100
5345 81
4429 107
5727 100
481 199
6074 181
4958 63
6509 184
5893 233
550 41
1437 90
7836 165
7519 162
1044 187
8072 38
99 120
4243 157
7480 213
1621 34
802 71
5070 146
524 148
7834 206
3543 233
4039 158
5374 242
2627 116
367 237

81 2678 6382
1909 4081
2418 1441
1685 39
1434 2726
454 2174
1258 1948
2549 313
141 1595
1073 2096
2253 1544
1946 193
346 143
48 4971
285 4329
952 5842
2011 3922
167 3471
2580 2506
300 41
974 909
1091 1490
56 4657
2135 859
835 557
2637 3779
1517 650
1719 256
2270 2502
2618 270
2253 5857
1904 5581
600 6305
846 4599
1680 2556
1262 833
1714 4167
2286 4297
1439 4617
1183 1435
2055 2163
2179 3722
1526 3248
2580 5386
1664 669
561 2525
1485 391
1453 5483
1543 5934
2121 4742
693 4745
266 3100
1153 3580
564 2744
1966 4481
789 2234
1267 4457
520 5912
1449 3137
937 1221
1886 4183
713 955
870 66
2673 4668
2064 3310
2626 6013
1170 4333
579 834
1852 157
1484 166
2222 2877
943 6071
2388 4382
1267 1295
1453 4662
432 911
503 1822
357 4073
172 5689
606 3141
1121 1152
1133 4902

82 3203 6113
1869 1387
3154 1266
3102 2657
2349 2256
2270 700
1303 3438
1508 5093
2478 1976
2366 2904
540 2660
3131 335
2883 765
2511 4395
754 1018
275 2323
1135 3243
21 2300
3096 3096
2654 49
2357 3246
234 515
233 4058
560 4134
2635 3656
1355 4548
450 3293
23 2604
1865 2716
2265 4114
791 1892
2737 3335
2069 4536
1943 2835
1176 3612
887 4553
857 830
2283 471
462 4352
811 1983
161 1792
110 1968
2936 2139
2674 5848
2476 4353
2278 5037
1225 5207
2553 3411
3005 1332
1032 3729
733 4889
2573 4550
3040 5326
2324 733
3079 5423
151 1648
666 5383
1248 3504
1419 1403
2766 1519
1210 277
682 5638
1568 1754
2407 642
756 1716
3048 908
1238 3277
46 200
1597 887
3119 6025
1422 207
1075 26
2376 1214
165 4990
530 221
1681 4356
2069 4142
2429 6078
189 4512
20 816
3030 2735
455 3800
748 3700

57 4140 969
1983 67
2429 853
2943 730
1332 934
1294 668
3685 906
2952 694
325 930
1677 425
758 931
3730 629
1278 383
1180 89
2126 478
2586 110
37 124
3277 478
3052 504
26 31
1527 454
551 890
2919 951
2623 644
58 22
846 650
2851 525
1276 350
2753 183
872 521
3768 410
552 353
1752 811
3016 68
322 381
2526 295
919 446
3170 684
2793 635
3734 819
3990 710
3707 366
3297 65
449 859
3324 267
4010 939
864 662
3684 596
3329 784
1768 826
2982 547
2392 332
1392 205
3916 468
639 954
3452 662
3304 777
2787 518

42 4093 4507
3242 2449
2924 2528
781 2217
1947 2808
1536 1068
290 87
1652 645
2732 27
2490 961
910 2465
2531 1788
2703 3978
3107 2400
403 2720
1455 4370
1888 3002
2608 3514
2657 1969
686 1448
1353 1086
3102 4117
1860 643
2151 3637
2754 1785
3413 1734
989 3862
3092 4074
3141 2902
1212 3761
3575 277
2237 2004
337 165
1174 68
2954 1089
3887 1766
1997 3909
2439 3500
3237 91
1967 3833
309 2393
3413 554
3959 4147

38 5218 4180
3010 1990
2003 101
3765 4026
2964 2335
468 3916
2565 3459
3790 2435
1379 2479
2575 754
4345 1792
261 428
4173 2570
405 2078
429 1691
5105 1525
4236 861
3044 1586
4805 1714
613 2811
2442 2135
3621 2524
4706 179
1223 3464
478 188
1573 19
3292 3326
5143 3286
3305 3614
160 1698
2387 3885
1747 3188
4073 2854
1424 198
2185 2399
1998 3502
3481 3840
145 280
847 4096

56 4094 2970
1129 1047
3825 1256
1080 669
2097 959
2121 717
713 2325
1786 1615
474 2573
1096 130
1072 89
182 180
2383 838
1584 811
1249 2463
3781 1569
517 1390
253 1140
1073 681
2847 703
1146 2306
1750 2671
3895 825
3801 2555
3464 690
1342 534
1525 558
462 2909
915 2057
471 2364
3217 1206
45 1119
1147 1629
1015 580
485 1141
1249 1471
2146 874
3917 1216
2902 1350
2697 1771
862 440
1062 1957
2437 2204
2000 2254
125 2811
2203 2395
2317 2929
2987 1928
1189 682
2949 220
1684 1421
3841 2287
73 2117
3135 2346
4066 1638
1177 1054
3120 1205

4 4896 1156
2002 387
427 571
2511 644
1279 325

35 2425 9736
703 4342
1871 8681
2221 9342
484 6564
2150 5858
1915 4758
1719 697
1852 2816
128 9389
787 5494
884 9184
491 6764
1004 2193
793 5003
679 5789
1566 7323
1101 1600
402 3017
630 9251
64 8188
602 5107
348 2061
840 4977
889 2178
1759 3430
1392 8596
2403 5927
2058 7461
1340 2211
1908 838
1242 8656
540 6992
2320 7915
1368 3772
1209 8363

61 9403 7407
2808 830
8385 4244
7762 5016
8057 6066
1766 4343
1501 5814
3834 4261
1913 2780
702 372
3431 7229
9089 2726
4649 4007
8813 1095
6650 953
4798 1270
5898 3785
3438 1675
895 5341
6795 5807
5058 6200
6531 3091
1764 1123
6562 6321
9191 6913
3452 238
4653 3427
2346 2237
9152 6317
3667 2712
1065 3172
3812 360
2888 5279
8034 360
3123 4370
3778 5926
1324 928
6317 3687
6297 6651
7638 803
6744 691
8822 5755
3860 4205
3074 12
6272 5221
5094 4087
797 3447
5461 4120
2657 2915
2667 6336
2378 2760
7521 6670
3115 4247
8886 6205
986 3486
2930 4977
9340 1601
103 946
8915 1030
290 5001
3739 5868
8515 555

28 9361 972
5222 897
7416 909
2944 809
476 754
6309 195
7098 108
3043 828
7217 427
1372 204
8193 612
4609 724
4824 444
9048 742
9127 383
6566 717
5222 253
8539 293
6592 819
550 470
7400 277
7918 325
7848 432
3000 426
8806 54
8496 169
4337 517
8599 60
3185 965
