70173850
33563297
83370878
8191541
5162384
92474072
59074307
27962638
16090750
10392028
65243884
3474380
70077529
43097871
30997406
72872723
69996513
97271027
57217769
66209874
37617101
35902335
93767504
7001411
87698178
70021835
8529803
34045882
29392746
58337502
11814919
48420908
12705970
57850066
32045773
60586110
16824148
45584295
40176466
23718521
59003678
9510095
87467725
63217389
44537493
91375142
77888606
97065377
38362466
47849412
7821930
88285408
63192192
50101793
770056
76832091
84177718
64561943
18386166
14612134
27843583
93413923
79725706
64879298
98888269
70470756
1879537
83168859
35489151
60092145
84028076
88893416
60069534
4252644
54656281
80841521
21967518
32076403
83938572
55110956
48251297
83769211
59429876
42286852
59633578
93451479
49835442
94147709
50210155
83437234
35294742
10617657
23463323
80573911
71380341
40307491
11999252
85125680
85085355
13395549
52580084
88087011
99035517
25661631
99030919
12932803
7153910
85230967
55328181
43687562
16703176
82605183
81145253
83091769
22040943
79679267
79479973
72987660
69987898
79895641
19552545
41792548
92578467
32384071
80794369
23034211
73324779
94646774
66880754
5216892
84042159
34235841
61018092
71287409
37529787
56161524
42208197
2253403
68937453
10116273
77623159
9679593
44876417
14546997
29640860
48620129
17146661
7213586
55530171
36012688
58550343
44742563
29518345
61527057
80882914
25743107
75563111
21146631
43516767
58394700
99779770
92263417
18805454
23114023
95295864
26699140
85675119
29639004
94372449
11236637
32905806
42085026
93252485
45956315
61425677
90008005
80515257
55691383
29662202
49820894
82870221
73951834
1835702
15983520
32861226
87649741
93114458
1037963
27911125
41371727
72430366
47189379
34728391
75754699
3812053
82032926
18609982
84333685
2708799
21790684
61790536
31404192
95788882
12588719
14110406
95237907
59381148
80948321
241770
54317622
39448639
52229847
65326150
5652
52678652
9454919
35909725
63172575
77132556
54732511
16380227
2933768
95996941
73813857
14805608
26200047
7698620
14685663
44705745
20425990
33898161
60097856
15230887
63985187
36472847
12008273
89119325
2524164
39223423
15144652
46453999
54439111
75107208
34728719
7668663
26878188
39313392
42460891
78254954
96158119
43119274
28897552
12588307
88651085
4130800
15341107
23757196
69784963
90929325
99138593
33996015
47299337
25870287
33201362
7899223
11548304
34954674
25677723
66894148
19009843
23524050
6717575
57225148
83284476
61883291
16930913
98235169
63768465
32712432
93918859
88813109
11035336
76521696
17378951
88172766
2718147
81215714
82056553
3819117
91963816
20981121
29184075
11891407
39780416
59554779
44138287
45262851
18630175
89045009
47862251
4661078
55817703
52092101
72969428
71477619
25397822
59112161
95907035
70783369
62369318
71776461
16630609
25239010
86593193
65902940
49392928
25479729
99945921
91985396
62249273
80452102
45047742
67970603
51083706
21976198
92805132
16573913
15942399
9088600
3390596
92220545
87095876
65695266
24921912
51816123
74537624
47238185
7239683
97795073
23151882
41174882
73623490
24371279
71998304
47829772
96132898
79380743
63742519
96366327
83067108
62484590
60158713
98679408
97842512
24490732
58964724
47457880
63356122
76656575
55240132
15292239
87512830
11827920
42573337
95150493
30462833
9147319
57291042
15780466
9724586
49981044
88287364
4631822
20792115
60664701
2769971
14616806
15160830
55550981
98786476
89578269
90938872
99390844
62760905
50715977
74346303
37396917
84330468
54697046
85205518
13770094
50598894
18780398
83227323
9722012
26568261
81676427
8003061
9021435
53764967
87206385
85503075
91947312
51711049
81327365
61430206
52805583
8899334
69880617
18787156
38106364
14569077
93791704
87405222
48997623
50935279
52010872
61954237
67170329
83630691
53916143
69519032
24823950
91919279
31893887
46147922
50027371
15578112
45568601
95964720
60109306
4045819
17950065
9342138
43912112
48981213
95139551
70326091
95206589
43284643
30985482
78619665
75322516
32975299
99408122
17468173
45641901
30953473
9427586
24859757
97841491
88563015
15172474
37999599
69010492
14332904
2752435
73049928
47328160
49822307
83205162
82613212
63483762
16921066
92986072
15881814
25193183
82142700
35771931
730312
41976837
77788964
80368833
20102649
66335141
57100488
38263207
13504783
45305407
1427707
72304978
93825473
60456863
42245452
55901984
96138348
86122236
70518464
92360686
54010549
1114127
85410324
72699268
10794720
98846736
12763176
99738553
51388552
73368084
52279408
44564358
6928579
61813810
53150748
14978474
48516614
91754210
23156851
46128150
32923468
97182353
87876741
4927860
59889000
93843518
68622976
81566964
48022887
8975551
1615994
53640827
39196931
13534768
38448990
17008993
14990403
84823886
84998927
68544252
10284005
16107991
48011866
23271778
58228255
19783777
12840060
37529112
53546615
26907673
45887870
5296936
40340430
74597177
92425601
47185103
86019013
15261946
63475585
75694595
89440622
29911152
35694863
15524072
46792071
11499005
88795507
43273338
19818995
5832433
84357618
93997487
85924801
84739705
22286078
95748145
51573336
36933830
71285923
13004735
58517022
92476086
41259384
14282265
71527185
23669962
45864998
82379497
64405493
69402581
10947326
15895352
90614566
47092299
99902394
51483235
19087719
35541942
11896253
69357196
60167318
60052275
92715275
9252009
47941553
10125354
81798543
42367957
88446295
82920281
41510268
46507238
62581099
73491587
3515603
29719627
84360784
87171995
43074394
76735864
74757688
3159437
41317546
73131972
17751079
88979997
9384177
7860609
76793273
67682313
92300779
45358599
80369781
58467982
29572188
22476504
38187306
20052481
44039769
46015678
37280819
65574030
39628637
84709459
37885227
71740081
4058604
21076518
59001004
72405391
30553207
25312527
2138913
21794996
94820653
22110905
32899843
78797176
26838239
68198863
9129255
37489868
22288166
98657994
11208257
61988785
7150960
87550705
46925307
40614468
87880184
39933728
19827060
15371531
519753
86531974
60952702
0
