80 92
42 27
125 196
104 176
42 55
82 147
232 63
18 292
178 47
82 94
250 158
79 112
268 290
184 293
133 258
279 264
101 21
43 226
216 146
153 9
200 234
155 131
48 224
174 225
23 256
70 24
113 148
188 80
189 123
124 21
80 102
37 233
122 79
210 89
276 62
150 175
47 56
58 94
32 231
71 106
238 140
129 50
40 68
181 228
190 4
1 270
158 37
202 31
167 111
120 142
224 269
16 270
76 125
63 107
108 185
212 45
77 93
147 116
160 79
95 50
83 147
71 292
235 24
22 101
186 193
242 109
213 10
78 289
186 192
95 45
77 7
90 205
99 288
72 258
66 218
59 200
65 181
191 51
204 213
152 141
157 145
249 70
206 78
58 92
270 152
136 98
210 277
2 8
16 73
18 82
290 128
33 106
9 224
157 264
188 60
105 44
256 53
165 162
131 222
5 152
