0
1
2
3
4
5
6
7
8
9
10
11
12
13
14
15
16
17
18
19
20
21
22
23
24
25
26
27
28
29
30
31
32
33
34
35
36
37
38
39
40
41
42
43
44
45
46
47
48
49
50
51
52
53
54
55
56
57
58
59
60
61
62
63
64
65
66
67
68
69
70
71
72
73
74
75
76
77
78
79
80
81
82
83
84
85
86
87
88
89
90
91
92
93
94
95
96
97
98
99
100
101
102
103
104
105
106
107
108
109
110
111
112
113
114
115
116
117
118
119
120
121
122
123
124
125
126
127
128
129
130
131
132
133
134
135
136
137
138
139
140
141
142
143
144
145
146
147
148
149
150
151
152
153
154
155
156
157
158
159
160
161
162
163
164
165
166
167
168
169
170
171
172
173
174
175
176
177
178
179
180
181
182
183
184
185
186
187
188
189
190
191
192
193
194
195
196
197
198
199
200
201
202
203
204
205
206
207
208
209
210
211
212
213
214
215
216
217
218
219
220
221
222
223
224
225
226
227
228
229
230
231
232
233
234
235
236
237
238
239
240
241
242
243
244
245
246
247
248
249
250
251
252
253
254
255
256
257
258
259
260
261
262
263
264
265
266
267
268
269
270
271
272
273
274
275
276
277
278
279
280
281
282
283
284
285
286
287
288
289
290
291
292
293
294
295
296
297
298
299
300
301
302
303
304
305
306
307
308
309
310
311
312
313
314
315
316
317
318
319
320
321
322
323
324
325
326
327
328
329
330
331
332
333
334
335
336
337
338
339
340
341
342
343
344
345
346
347
348
349
350
351
352
353
354
355
356
357
358
359
360
361
362
363
364
365
366
367
368
369
370
371
372
373
374
375
376
377
378
379
380
381
382
383
384
385
386
387
388
389
390
391
392
393
394
395
396
397
398
399
400
401
402
403
404
405
406
407
408
409
410
411
412
413
414
415
416
417
418
419
420
421
422
423
424
425
426
427
428
429
430
431
432
433
434
435
436
437
438
439
440
441
442
443
444
445
446
447
448
449
450
451
452
453
454
455
456
457
458
459
460
461
462
463
464
465
466
467
468
469
470
471
472
473
474
475
476
477
478
479
480
481
482
483
484
485
486
487
488
489
490
491
492
493
494
495
496
497
498
499
500
501
502
503
504
505
506
507
508
509
510
511
512
513
514
515
516
517
518
519
520
521
522
523
524
525
526
527
528
529
530
531
532
533
534
535
536
537
538
539
540
541
542
543
544
545
546
547
548
549
550
551
552
553
554
555
556
557
558
559
560
561
562
563
564
565
566
567
568
569
570
571
572
573
574
575
576
577
578
579
580
581
582
583
584
585
586
587
588
589
590
591
592
593
594
595
596
597
598
599
600
601
602
603
604
605
606
607
608
609
610
611
612
613
614
615
616
617
618
619
620
621
622
623
624
625
626
627
628
629
630
631
632
633
634
635
636
637
638
639
640
641
642
643
644
645
646
647
648
649
650
651
652
653
654
655
656
657
658
659
660
661
662
663
664
665
666
667
668
669
670
671
672
673
674
675
676
677
678
679
680
681
682
683
684
685
686
687
688
689
690
691
692
693
694
695
696
697
698
699
700
701
702
703
704
705
706
707
708
709
710
711
712
713
714
715
716
717
718
719
720
721
722
723
724
725
726
727
728
729
730
731
732
733
734
735
736
737
738
739
740
741
742
743
744
745
746
747
748
749
750
751
752
753
754
755
756
757
758
759
760
761
762
763
764
765
766
767
768
769
770
771
772
773
774
775
776
777
778
779
780
781
782
783
784
785
786
787
788
789
790
791
792
793
794
795
796
797
798
799
800
801
802
803
804
805
806
807
808
809
810
811
812
813
814
815
816
817
818
819
820
821
822
823
824
825
826
827
828
829
830
831
832
833
834
835
836
837
838
839
840
841
842
843
844
845
846
847
848
849
850
851
852
853
854
855
856
857
858
859
860
861
862
863
864
865
866
867
868
869
870
871
872
873
874
875
876
877
878
879
880
881
882
883
884
885
886
887
888
889
890
891
892
893
894
895
896
897
898
899
900
901
902
903
904
905
906
907
908
909
910
911
912
913
914
915
916
917
918
919
920
921
922
923
924
925
926
927
928
929
930
931
932
933
934
935
936
937
938
939
940
941
942
943
944
945
946
947
948
949
950
951
952
953
954
955
956
957
958
959
960
961
962
963
964
965
966
967
968
969
970
971
972
973
974
975
976
977
978
979
980
981
982
983
984
985
986
987
988
989
990
991
992
993
994
995
996
997
998
999
1000000
999999
999998
999997
999996
999995
999994
999993
999992
999991
999990
999989
999988
999987
999986
999985
999984
999983
999982
999981
999980
999979
999978
999977
999976
999975
999974
999973
999972
999971
999970
999969
999968
999967
999966
999965
999964
999963
999962
999961
999960
999959
999958
999957
999956
999955
999954
999953
999952
999951
999950
999949
999948
999947
999946
999945
999944
999943
999942
999941
999940
999939
999938
999937
999936
999935
999934
999933
999932
999931
999930
999929
999928
999927
999926
999925
999924
999923
999922
999921
999920
999919
999918
999917
999916
999915
999914
999913
999912
999911
999910
999909
999908
999907
999906
999905
999904
999903
999902
999901
287746
448593
418494
969885
390504
937028
90292
862574
126670
710482
154346
718843
141441
343350
447215
653180
395000
481652
127424
461679
859181
66537
811445
770477
255353
398213
829831
275251
248696
620289
592495
564964
439856
410614
380362
205964
12147
69656
417347
818812
761962
941149
703484
15795
15368
270327
335645
926384
530133
85177
747286
647665
55485
845394
733877
385199
131824
962469
384497
575249
293874
853009
593923
375035
734866
453808
502758
932864
534428
668173
970869
115099
697011
117772
501002
275418
672976
972678
573432
952965
618927
687625
714070
429227
233788
474275
194175
36544
425882
645741
571408
297685
513736
366547
374901
534210
816264
826396
868928
669954
206975
382734
857894
419185
127493
231306
952977
627585
611338
537857
107859
199259
133953
299054
570533
167809
659009
876089
246232
102311
564410
158415
192083
252549
528592
884932
256099
810565
357486
938744
655617
830226
850086
762116
69558
250514
97553
652411
449927
847266
994317
913214
430514
925651
213709
6473
53314
278446
300794
448048
540620
489854
289118
964936
919521
61273
369529
601746
895785
226272
8312
789514
175905
216501
284445
183211
764016
80275
234692
234948
152330
607801
577160
818625
576820
97227
702733
370179
576372
440808
133065
565568
770753
328867
401628
158567
132372
112302
3699
961232
305602
176076
772918
45886
727289
301793
866449
223834
59798
992388
502569
781390
130374
82719
450332
297271
145281
656964
463461
742305
636174
705614
987519
267533
290224
578719
969803
316510
421029
353013
173199
669159
317887
919481
190006
674895
273854
583754
723044
908110
423320
462898
260095
931432
103094
111991
261544
802071
799911
397023
42210
850663
905617
513601
592389
992140
999952
756761
216998
129483
580631
218317
12294
311305
9416
448538
2043
137579
546558
297837
333465
938641
524914
730172
480891
523832
946428
16640
353993
81590
607151
316300
182335
673919
196340
62275
427020
886499
8834
787610
300039
592840
869483
458887
771232
545632
141898
486196
855819
68870
926384
779108
408395
625450
833905
922941
316375
636971
683768
563086
567228
660087
457079
306937
790804
625193
823311
197037
643557
139620
814674
437056
76464
644704
215281
554322
866493
94647
311424
117965
632870
294005
848767
826816
805445
246821
178857
886031
17097
10046
520760
928749
119422
609274
660800
564606
686950
9949
228874
782116
207795
46046
452628
556396
512909
683420
55927
162226
758129
1318
556326
155165
188329
701328
433145
995694
821401
577093
415355
3333
785696
145190
607974
417745
78960
168102
894528
395399
323948
453895
19260
72408
515084
110431
801024
174412
422310
934277
592271
129982
215210
763833
193543
178431
832377
512198
327627
406357
360140
887566
328861
514499
916595
603814
946703
125585
113548
265214
468034
394541
