12
30 42 70 76 49 61 7 30 84 60 93 23
2
52 55
8
0 70 0 93 50 96 66 18
84
12 45 76 49 47 25 78 42 19 56 19 41 90 64 79 59 93 2 10 13 70 45 72 99 49 56 62 3 61 17 29 4 60 73 89 43 58 53 76 19 11 99 41 59 44 40 11 19 54 57 13 19 74 18 9 31 96 67 14 44 0 42 88 15 97 61 51 32 24 68 81 37 26 35 20 77 22 92 33 53 28 31 66 28
56
9 95 65 8 42 10 4 41 61 34 95 60 49 4 60 14 46 43 39 45 36 97 77 48 38 37 38 65 5 81 46 73 6 95 3 88 13 62 56 96 20 17 34 18 35 68 97 59 61 27 15 1 71 31 49 70
6
77 72 33 55 58 44
60
89 79 11 34 9 49 67 10 52 33 26 82 57 65 75 14 6 71 44 7 33 53 61 79 52 36 96 55 75 86 12 63 8 77 75 84 70 11 76 51 42 96 28 10 66 31 63 85 42 47 38 98 28 78 59 14 40 14 67 70
10
56 61 33 61 0 12 47 17 2 91
87
55 41 78 45 49 94 55 50 43 91 64 35 2 2 13 95 4 15 89 90 86 66 36 74 63 83 89 27 73 8 33 27 12 34 42 41 27 16 92 2 7 9 17 84 89 23 35 31 17 89 11 29 98 48 99 78 90 4 78 22 28 77 78 97 71 27 41 88 58 33 56 68 19 94 3 20 75 79 80 66 75 23 74 52 76 1 39
73
78 58 37 92 36 76 15 93 53 65 40 43 81 35 0 39 41 36 77 97 48 36 57 67 45 65 46 32 44 45 86 9 53 61 52 56 44 37 16 45 60 9 29 12 61 57 98 25 63 39 30 49 80 41 4 78 72 63 94 49 64 61 31 40 21 17 3 55 48 96 25 24 37
64
89 20 10 79 53 1 80 17 72 60 91 66 3 92 54 84 46 42 54 93 30 0 79 57 84 45 54 44 95 5 59 79 33 64 2 14 88 7 36 3 29 34 96 63 43 94 95 91 96 89 46 60 81 97 76 7 31 62 6 68 5 45 6 86
23
28 14 7 10 11 58 81 88 93 23 23 36 40 67 28 46 59 10 62 38 26 2 84
1
35
90
32 68 94 80 3 88 89 57 18 17 29 68 87 28 24 83 35 55 80 42 49 91 50 60 11 38 9 83 10 25 16 75 53 41 26 54 69 16 64 68 26 42 3 98 5 72 88 96 31 8 13 40 41 58 39 63 14 91 34 77 25 66 90 11 25 4 94 14 6 76 31 25 52 6 35 27 1 83 32 46 98 28 60 39 51 70 77 36 54 35
81
60 11 32 13 32 97 10 6 54 34 21 30 59 83 66 80 13 0 56 72 42 60 64 71 27 73 38 69 57 47 98 88 47 37 10 81 10 22 50 84 37 76 94 30 84 63 35 86 15 26 54 24 75 33 87 38 90 90 14 82 59 49 69 90 27 88 96 79 10 81 38 47 96 56 98 5 59 31 84 35 3
32
51 76 84 72 1 94 25 53 58 34 16 79 19 82 61 36 3 40 81 47 96 97 82 51 20 60 55 74 35 8 27 52
76
71 2 93 26 2 14 64 53 91 32 23 93 88 7 1 66 42 14 76 61 15 17 64 21 51 53 35 3 8 68 58 46 53 78 53 70 31 78 78 58 91 13 41 38 74 80 19 66 45 22 8 33 33 16 77 73 75 21 67 19 78 38 21 47 55 10 62 74 47 87 8 26 29 29 44 62
29
40 69 35 63 68 20 92 8 87 44 42 71 12 43 30 21 78 84 14 57 62 48 75 11 33 13 92 35 14
14
92 40 4 93 36 67 69 21 91 14 20 90 57 37
69
50 89 11 81 2 31 68 28 52 5 55 52 28 63 42 97 10 76 23 74 92 31 71 89 62 7 70 54 77 35 10 90 54 95 6 10 36 71 74 2 17 33 67 24 77 99 83 70 35 17 11 22 91 61 25 16 50 4 74 64 12 61 61 29 6 12 11 70 87
44
8 57 80 92 50 73 29 93 58 85 5 3 24 70 31 57 28 28 71 89 24 85 33 94 67 28 12 0 28 26 27 67 24 16 15 19 63 84 30 60 32 12 89 8
50
41 32 18 46 24 67 50 95 56 28 44 9 21 68 67 89 25 48 6 2 8 37 17 97 87 84 47 48 90 31 55 9 87 85 96 23 9 9 33 72 9 93 48 64 63 21 81 60 0 2
8
64 12 31 97 84 20 20 29
36
91 70 35 27 95 90 54 33 48 90 4 83 57 21 46 97 36 0 59 69 17 72 59 51 11 68 91 68 9 32 35 14 75 33 76 94
28
29 94 97 60 68 96 82 38 36 67 15 2 85 63 80 59 20 57 9 73 15 69 64 47 33 50 21 94
16
45 5 91 89 12 69 24 70 63 41 25 70 5 28 51 84
27
61 83 39 84 97 44 92 53 88 41 31 99 41 90 42 19 52 47 41 92 31 57 72 80 65 85 59
36
77 24 21 11 35 1 77 53 50 8 50 77 49 93 48 96 42 83 41 62 51 13 4 21 15 79 14 46 60 74 87 78 1 24 91 32
79
20 88 64 46 77 26 85 99 1 87 11 67 1 75 92 24 68 42 95 75 91 15 46 83 29 63 20 15 30 61 12 16 22 53 26 12 89 90 10 52 48 46 10 37 80 32 89 77 66 91 74 5 19 81 41 86 47 1 52 18 77 78 3 83 54 66 9 32 5 96 38 62 31 86 97 52 96 60 76
77
48 79 11 29 95 1 37 64 28 29 27 82 82 49 2 50 17 2 99 51 2 70 47 81 86 87 52 24 35 91 59 72 78 27 61 50 98 36 74 83 45 91 51 53 67 7 38 44 25 62 16 4 2 46 50 70 23 35 71 56 60 39 74 44 68 77 20 88 98 12 51 59 16 74 84 86 39
55
79 2 76 45 81 86 34 49 35 7 71 21 82 80 41 84 41 56 73 47 33 63 79 92 18 79 53 47 66 33 22 58 74 81 56 86 56 10 42 35 22 46 31 16 2 74 23 3 65 62 99 58 64 22 50
43
35 2 86 78 7 38 87 85 27 2 27 79 2 73 72 82 6 8 94 8 40 79 52 78 14 95 67 43 23 91 36 67 44 59 38 95 81 74 69 45 47 85 38
22
11 28 74 89 48 76 4 13 32 43 13 43 68 10 9 64 46 70 55 64 1 24
98
10 95 39 43 15 21 38 26 82 88 25 85 99 3 21 38 84 9 73 3 22 45 64 23 43 14 93 39 28 62 80 23 86 92 9 10 3 76 39 97 97 65 51 76 31 49 16 9 33 56 82 27 64 37 89 59 44 20 5 47 5 92 4 59 8 59 81 70 31 30 80 15 86 19 73 5 94 63 65 70 42 81 74 3 35 84 58 61 73 83 91 52 48 45 98 84 55 76
55
1 12 58 57 53 79 20 34 31 35 57 26 96 7 2 20 13 50 15 52 4 27 46 0 80 5 31 15 74 12 86 82 31 9 47 97 16 86 29 69 35 72 54 70 2 11 61 36 25 49 59 77 36 4 95
29
79 0 53 87 49 81 21 17 29 36 53 51 12 0 37 74 76 14 97 55 59 57 38 21 99 4 50 70 12
81
22 3 57 21 78 29 70 76 16 84 51 0 52 2 97 37 23 9 60 95 82 38 6 88 23 47 37 15 88 71 31 48 49 25 60 3 2 67 54 52 32 51 35 61 50 11 87 76 20 74 7 20 71 55 82 43 55 35 14 32 46 2 64 34 20 1 75 58 19 83 83 29 21 86 23 42 6 96 53 56 67
19
84 20 59 84 96 41 24 57 6 24 73 73 85 97 89 79 73 30 50
82
94 57 17 2 32 71 73 89 18 30 99 35 7 5 64 17 79 25 69 9 42 84 79 12 95 19 70 93 26 89 5 12 21 74 92 88 32 19 13 7 20 2 26 65 23 43 33 12 94 66 99 7 99 86 59 16 92 51 14 61 64 53 38 19 97 95 91 28 77 44 18 3 45 30 33 26 75 51 33 8 8 53
66
93 44 68 47 54 46 31 1 60 85 57 74 67 98 3 97 63 67 55 67 70 66 53 41 16 99 5 90 92 62 72 69 38 24 49 83 83 68 40 80 92 17 80 55 35 36 43 52 37 7 96 58 70 25 99 99 19 48 45 36 22 13 12 98 42 67
36
70 19 96 25 94 14 74 10 43 20 33 53 99 14 51 26 19 86 76 31 51 14 53 27 98 0 66 45 14 13 91 56 48 1 58 53
19
33 49 86 71 85 95 35 86 73 27 15 92 98 76 70 8 2 34 37
82
81 76 68 4 56 81 36 37 96 22 55 44 89 46 15 88 20 24 79 7 9 43 58 17 54 59 88 13 87 43 12 19 21 50 83 54 5 99 13 31 59 31 72 5 30 34 23 84 65 7 51 95 49 51 58 30 12 9 9 2 90 40 45 83 42 83 48 48 95 21 11 21 99 30 64 1 55 97 86 35 18 68
49
95 17 17 25 89 90 64 50 57 34 3 75 38 51 91 81 22 25 11 96 59 65 75 47 23 28 31 64 35 21 86 18 40 40 26 81 84 48 25 81 62 52 2 10 21 51 8 89 38
93
89 1 78 17 29 47 67 86 29 35 68 30 50 31 32 2 92 27 13 4 54 69 28 38 36 98 20 56 16 39 35 31 28 71 6 83 39 95 41 34 28 40 79 45 11 83 84 86 69 86 50 59 30 50 14 87 64 96 32 8 17 70 93 7 1 75 60 67 1 78 57 29 31 75 86 64 79 96 18 30 57 29 90 97 96 62 25 27 3 79 71 13 96
97
69 15 26 29 22 23 96 39 93 92 28 2 17 27 78 36 87 64 42 14 66 10 93 58 14 33 23 67 56 19 24 22 71 73 29 58 70 88 67 31 59 73 39 96 84 38 22 13 14 3 79 50 74 25 14 55 33 52 80 61 7 92 63 17 60 96 3 66 10 42 38 35 33 15 29 47 81 87 98 92 91 2 60 29 60 37 66 48 8 94 80 5 45 47 50 13 81
5
17 35 86 83 50
93
75 30 91 91 47 31 45 94 43 2 62 52 83 50 76 88 12 35 6 68 92 32 35 96 17 3 82 36 80 56 7 16 57 99 84 40 5 34 35 78 81 11 3 1 72 23 33 99 5 20 75 24 41 50 6 92 63 73 56 90 60 17 71 90 68 84 68 30 84 47 39 54 76 80 9 33 88 33 51 62 44 21 23 40 65 83 2 5 63 75 24 52 46
8
57 55 94 15 33 98 22 59
2
13 38
43
10 2 9 10 76 74 5 93 76 87 60 77 46 34 86 46 69 87 87 57 1 23 28 49 15 29 51 61 36 85 45 95 6 71 42 21 48 52 69 40 96 96 8
5
41 81 4 47 98
93
7 42 53 74 6 74 27 9 65 76 29 36 99 74 28 16 33 56 36 5 66 99 39 71 78 53 22 23 61 38 71 58 50 47 75 65 22 35 78 68 60 64 78 29 33 23 92 50 72 4 96 62 68 13 61 21 89 89 96 2 75 93 34 87 77 10 15 95 74 12 77 59 52 49 25 50 46 94 29 36 59 87 24 74 13 72 63 23 45 94 27 99 1
50
91 62 33 9 64 26 52 64 86 35 93 34 12 24 73 56 78 98 2 11 3 90 23 6 35 29 52 11 2 81 38 85 2 51 10 87 94 22 90 10 73 63 44 73 84 35 0 16 71 71
39
13 48 42 22 44 56 9 12 40 10 27 52 62 54 20 82 44 31 98 99 69 13 19 84 71 48 66 41 64 17 72 72 46 28 64 76 86 18 62
76
12 51 60 35 54 88 58 69 99 31 0 43 85 47 45 68 36 95 26 91 47 33 34 3 21 13 94 94 9 98 85 92 82 47 96 76 69 1 8 45 61 93 3 33 98 30 91 52 98 29 58 21 49 23 95 40 80 18 15 36 66 39 89 13 17 18 2 3 15 97 58 14 44 83 0 31
82
28 72 68 97 18 54 67 23 65 55 97 0 58 62 96 44 90 97 53 4 50 94 44 96 77 66 27 30 39 64 93 45 11 99 84 88 94 66 33 49 61 3 69 66 73 39 30 25 32 1 38 23 42 90 90 34 94 49 19 74 14 19 32 23 32 42 39 78 5 31 81 22 62 69 41 38 73 93 2 41 95 11
11
30 90 99 82 1 29 96 54 23 80 39
4
31 49 51 16
48
51 11 92 94 12 20 43 93 76 92 92 95 86 81 13 27 80 27 23 37 75 96 73 90 93 63 74 38 31 35 78 91 43 85 52 64 57 4 37 33 53 46 46 22 95 51 81 46
76
68 80 59 96 37 77 37 36 5 11 51 94 39 74 79 79 95 93 6 35 98 22 5 53 46 66 9 28 85 3 13 53 36 70 95 39 63 73 2 7 70 46 71 72 31 8 84 19 25 32 38 25 63 82 17 9 75 87 96 44 91 13 76 67 22 12 13 84 47 55 89 15 5 61 8 73
91
17 54 2 38 64 27 67 10 95 7 52 43 66 16 3 18 3 99 51 96 18 55 73 39 92 86 58 33 65 96 94 61 76 8 35 84 15 48 1 86 95 65 55 2 96 26 51 59 89 54 70 20 80 85 28 51 19 77 36 57 98 75 28 23 16 1 14 21 97 18 1 38 21 96 45 65 9 88 94 86 20 27 20 70 82 97 48 62 38 57 75
42
34 58 49 45 35 10 48 84 51 89 48 50 33 14 13 21 7 93 93 2 30 16 56 31 95 46 22 28 8 66 5 72 83 30 93 77 2 82 64 51 44 82
30
53 39 63 57 9 25 48 62 58 31 32 62 76 21 21 16 79 20 68 20 43 15 80 97 54 61 19 50 58 4
51
73 58 60 78 19 21 38 8 72 98 75 17 85 53 66 71 54 59 93 11 66 26 23 57 14 52 84 75 6 79 81 71 5 48 53 37 55 12 97 45 96 80 15 82 87 94 62 92 22 82 12
26
71 47 28 92 3 36 77 59 27 18 75 67 53 15 24 39 17 23 41 99 88 49 64 74 94 66
94
16 76 13 74 55 72 34 82 72 95 40 18 25 2 57 63 19 18 45 99 29 4 25 56 31 16 23 6 68 0 99 98 68 33 11 24 53 76 64 51 31 5 73 99 55 56 81 8 41 24 5 74 52 86 74 37 50 96 27 27 23 78 92 14 61 52 46 19 68 0 84 38 62 95 98 24 28 51 62 97 83 61 54 80 17 95 26 90 37 1 58 73 57 57
62
56 68 84 69 83 96 38 95 0 32 50 46 58 26 19 86 43 69 11 80 10 83 77 40 78 21 38 56 81 91 9 37 92 53 10 33 44 96 77 69 45 83 33 57 3 59 65 81 19 12 31 33 31 81 9 65 76 24 39 88 2 41
32
61 4 60 3 93 60 6 26 66 41 57 70 37 25 73 22 34 83 62 30 61 1 32 1 7 84 15 36 16 82 66 28
8
92 80 5 8 28 80 78 12
47
35 76 93 39 21 40 57 76 50 80 64 89 43 42 74 23 83 46 36 67 14 0 50 9 49 51 14 89 18 83 92 51 83 51 37 7 34 7 2 7 45 81 99 57 29 4 31
79
82 82 45 76 10 25 16 5 68 7 72 27 33 86 77 82 89 81 69 16 13 54 54 77 2 66 38 7 9 62 45 36 9 47 75 89 93 37 2 78 73 79 56 38 15 63 31 39 39 48 92 96 51 87 32 20 44 92 70 87 59 75 42 56 73 77 37 92 20 42 27 53 45 46 87 89 18 12 68
5
13 61 16 28 75
78
51 61 48 63 9 68 44 49 89 79 64 67 67 80 94 16 14 50 73 23 70 46 31 5 62 11 56 54 36 87 29 66 93 1 65 89 18 24 63 81 70 68 69 66 30 66 7 85 90 42 69 5 58 37 26 23 89 19 83 84 28 93 9 73 70 29 36 4 68 99 47 1 89 73 82 91 85 65
85
16 65 48 80 41 55 39 19 11 83 77 46 24 39 29 51 42 9 41 51 42 11 19 14 76 59 29 87 22 78 0 83 58 3 22 6 58 81 16 48 32 98 18 25 29 44 29 8 15 69 65 18 61 18 28 78 87 68 56 27 43 36 60 75 23 77 86 47 52 96 31 70 95 40 69 0 83 87 22 56 51 81 27 51 83
69
80 3 75 79 38 62 27 85 45 41 59 23 56 84 2 39 99 7 51 89 16 98 28 69 89 30 62 49 65 46 41 16 7 85 62 73 40 47 93 40 47 0 85 83 29 77 37 87 28 18 26 98 20 4 0 76 97 61 38 9 33 91 83 75 88 39 82 40 58
33
94 65 70 4 41 54 42 37 62 8 35 82 87 6 60 26 34 75 81 45 58 58 8 93 30 77 58 50 28 25 66 39 64
93
19 55 49 4 62 46 34 58 36 48 16 22 16 69 87 50 6 72 17 5 11 39 94 79 71 8 13 20 17 9 1 93 21 38 78 3 49 2 42 67 8 52 58 7 56 45 94 99 26 3 24 8 23 97 24 86 74 37 73 34 90 51 75 59 79 18 71 97 57 57 1 11 81 27 59 73 93 77 51 51 68 82 27 29 18 47 13 35 82 47 28 86 27
62
61 17 0 60 18 48 93 10 7 39 73 1 48 59 43 17 63 13 65 64 5 30 36 30 18 53 31 18 0 13 58 96 13 61 25 79 86 22 89 89 88 53 48 98 68 96 78 24 30 60 98 11 71 11 22 8 26 26 39 74 92 35
26
28 86 85 44 14 86 88 94 91 19 66 42 99 96 45 48 44 5 94 40 86 44 42 76 4 50
22
44 31 59 41 81 51 2 18 47 72 48 68 10 53 34 70 70 66 18 66 62 63
48
44 10 11 66 36 83 78 98 9 15 75 12 70 8 26 60 23 96 55 97 74 80 12 97 0 7 68 24 26 81 97 69 61 53 50 78 48 50 31 60 28 3 70 52 24 79 48 98
100
28 34 6 8 95 30 29 7 53 41 57 28 26 81 91 45 48 71 69 31 30 87 88 39 86 88 64 50 3 39 32 29 96 51 51 16 78 52 1 35 69 96 19 59 65 23 62 71 83 55 53 71 89 41 88 46 50 41 74 62 3 35 29 82 16 91 40 90 50 18 38 56 12 40 0 56 77 94 80 52 89 85 48 88 21 31 67 22 63 71 83 25 9 17 83 63 2 40 4 52
89
48 98 12 41 21 55 58 88 63 67 86 19 59 10 14 92 78 42 26 28 69 35 39 93 70 14 92 32 40 68 50 51 69 62 77 13 69 45 35 90 47 1 40 60 25 61 77 11 10 35 48 77 17 12 85 0 17 71 3 74 27 23 21 55 18 14 31 3 40 2 86 56 90 44 78 47 45 92 43 31 1 0 43 8 87 12 20 6 23
76
81 37 23 20 80 4 28 48 52 77 60 65 97 23 49 7 37 99 78 26 42 24 21 71 1 36 16 30 94 60 52 25 72 59 39 98 0 31 7 55 63 55 1 99 21 2 39 31 46 57 59 50 88 77 77 31 69 69 40 69 28 56 26 46 0 12 17 45 92 57 78 90 57 65 87 21
57
0 40 71 45 52 94 8 50 88 0 70 40 99 8 53 54 54 93 9 2 96 91 91 71 28 62 13 57 91 57 82 50 95 47 89 3 70 49 72 35 54 18 83 26 5 16 1 94 60 88 83 15 43 46 51 42 50
93
66 91 94 99 59 35 95 37 27 41 13 48 11 25 98 85 84 77 86 69 64 0 40 64 36 7 0 30 6 40 4 89 65 31 43 58 45 99 36 75 84 34 70 94 0 8 65 76 98 66 41 78 63 77 7 42 97 60 83 60 96 9 0 25 37 75 35 16 7 61 64 41 62 71 56 82 82 41 83 46 63 28 45 77 84 40 23 71 27 65 17 35 19
62
96 28 9 29 57 97 5 12 88 2 12 87 73 54 34 92 52 80 45 12 47 40 11 72 41 77 93 78 30 85 96 45 42 71 99 50 31 49 50 81 39 54 32 46 40 26 35 42 78 42 70 39 2 55 99 46 79 66 28 29 23 78
79
31 10 43 21 59 31 58 38 8 59 81 51 12 34 11 40 95 90 17 46 30 2 28 7 71 17 29 69 75 63 38 33 44 52 97 63 99 99 85 77 35 7 39 35 76 19 62 79 71 16 24 73 1 56 83 78 16 55 2 64 32 44 75 74 12 66 90 28 91 1 15 56 29 26 53 57 67 63 45
58
64 35 21 64 24 91 77 5 4 34 44 51 50 98 18 81 92 9 87 58 17 80 17 52 67 28 72 55 92 16 26 52 83 91 89 16 50 89 48 11 73 48 89 92 31 60 90 24 81 89 45 33 46 0 79 86 79 58
91
78 99 67 32 88 0 98 85 24 99 72 17 39 90 61 88 9 38 93 76 48 61 1 36 39 31 21 23 79 39 60 77 76 43 55 86 37 87 35 98 82 58 45 33 1 54 28 68 64 33 2 17 27 65 74 24 48 56 91 31 40 69 86 4 43 43 10 25 77 74 54 94 51 70 97 30 49 51 91 91 26 31 45 60 20 11 49 45 31 56 31
60
75 27 64 70 47 98 57 46 11 75 75 11 74 48 14 97 82 11 2 15 37 10 87 72 99 40 18 11 92 61 76 98 27 87 96 63 13 24 84 63 79 60 98 66 10 69 70 23 60 50 8 26 42 91 5 36 25 61 23 81
13
18 70 59 56 11 17 13 40 77 92 3 66 73
89
15 19 39 23 90 71 91 13 95 90 95 9 3 11 27 5 23 8 11 86 20 27 96 76 64 98 98 67 42 1 92 19 86 14 80 1 92 21 10 5 88 74 11 37 73 28 84 72 37 83 13 40 65 31 60 83 93 46 98 54 51 22 53 33 7 39 78 61 85 0 99 66 15 17 11 71 30 62 6 36 16 55 82 95 96 7 25 38 50
8
42 88 7 2 94 98 47 38
19
37 88 32 77 22 10 83 50 70 31 91 97 52 78 39 64 81 8 99
21
50 34 21 86 20 90 81 81 99 37 49 29 59 86 29 30 53 56 80 20 19
48
73 42 9 86 62 90 12 76 22 88 51 39 84 24 3 90 36 15 85 48 71 96 33 6 66 4 21 52 41 85 76 33 17 79 20 87 12 64 89 77 26 66 21 20 75 53 63 75
67
0 81 40 74 81 14 2 47 71 49 24 20 22 77 64 77 45 14 83 86 64 68 50 58 8 68 16 51 59 73 85 23 55 65 67 83 20 13 63 30 43 32 44 67 42 66 30 62 30 88 90 77 15 22 10 62 55 38 10 35 5 1 30 34 50 47 55
96
33 65 56 55 15 53 76 98 64 67 71 21 96 84 51 42 29 75 17 88 32 47 88 36 73 87 41 53 57 3 16 53 82 97 3 42 70 59 76 54 97 95 9 21 32 60 44 73 21 22 83 58 62 7 8 80 43 15 34 71 35 59 29 46 29 26 37 28 51 77 34 36 7 9 25 2 81 34 67 41 2 61 26 58 43 55 31 49 52 90 55 36 59 73 7 32
