0
1
4408447
2675750
9334553
4761395
342055
670517
97152
419473
5933599
6060317
5922720
3100489
5591257
7640791
9922620
1091627
9139212
3894115
6579071
9405775
8420885
7877442
4282469
4241295
5734710
2389962
8799407
1632056
801073
1571768
7344931
7726087
6764086
6679483
2487482
7106141
7350000
2584634
42180
5800165
8644951
8481467
1417220
6752774
6122258
1339840
360968
5261469
5233955
6940039
7183811
6171406
7334048
1466279
412700
3068757
6372808
9212108
7217380
9690448
3300442
4562310
7416535
64527
1241792
2420583
7170668
1108358
7521784
7212849
6908523
8683302
5694315
8325743
5436075
4333139
9665583
8313610
2111175
7416104
5253649
9294986
3587510
2587696
761264
6516777
8173020
9650639
5728884
5390399
9341087
1545893
9952709
6757621
10000000
3711067
1694770
10000001
-83
