50
32
7
78 16 94 36 87 93 50 
94
3
28 91 60 
51
7
41 27 73 37 12 69 68 
51
3
31 63 24 
20
16
30 3 23 59 70 68 94 57 12 43 30 74 22 20 85 38 
87
5
16 71 14 27 92 
7
17
74 63 71 97 82 6 26 85 28 37 6 47 30 14 58 25 96 
38
6
15 68 35 65 44 51 
31
9
77 79 89 85 4 52 55 100 33 
68
17
69 40 13 27 87 95 40 96 71 35 79 68 2 98 3 18 93 
7
17
2 81 87 42 66 90 45 20 41 30 32 18 98 72 82 76 10 
24
8
57 98 54 87 66 7 84 20 
57
9
72 33 30 4 20 71 69 9 16 
40
10
97 24 19 46 47 52 22 56 80 89 
30
9
42 51 94 1 35 65 25 15 88 
63
4
92 28 66 60 
2
13
52 38 29 76 8 75 22 59 96 30 38 36 94 
92
9
44 12 29 30 77 5 44 64 14 
21
7
41 5 19 29 89 70 18 
86
17
25 44 71 84 91 100 73 26 45 91 6 40 55 87 70 83 43 
16
18
8 56 5 49 12 23 29 100 44 47 69 41 23 12 11 6 2 62 
48
19
6 21 37 45 27 23 66 9 17 83 59 25 38 63 25 1 37 53 100 
10
11
69 72 74 32 82 31 34 95 61 64 100 
87
20
97 60 74 14 69 91 96 27 67 85 41 91 85 77 43 37 8 46 57 80 
29
8
13 49 73 60 10 37 11 43 
11
7
2 14 73 22 56 20 100 
5
5
40 12 41 68 6 
89
8
51 85 59 21 25 23 70 97 
33
11
85 93 73 73 51 26 86 23 100 41 43 
37
14
99 91 25 91 10 82 20 37 33 56 95 5 80 70 
64
17
51 56 61 43 80 85 94 6 22 68 5 14 62 55 27 60 45 
23
3
7 85 22 
65
9
29 90 73 9 59 99 37 9 54 
94
4
34 34 49 91 
93
8
47 69 30 1 47 89 98 50 
62
4
34 64 98 54 
18
7
26 53 97 76 89 58 30 
8
1
15 
84
1
5 
43
8
51 49 57 3 95 98 100 44 
5
3
29 4 1 
53
8
39 60 52 36 35 40 93 16 
66
5
30 50 65 86 30 
4
16
78 1 39 72 50 90 68 89 93 96 44 45 30 91 83 41 
80
10
27 33 62 43 61 18 24 62 82 10 
78
6
97 68 78 35 91 27 
59
18
15 69 6 59 13 87 1 47 27 95 17 53 79 30 47 91 48 71 
85
1
32 
28
18
28 13 87 15 56 13 91 13 80 11 70 90 75 56 42 21 34 88 
39
19
67 71 85 57 18 7 61 50 38 6 60 18 19 46 84 74 59 74 38 